1     0.003427445000852458    0.00021226999524515122
100     0.0075331320040277205    0.0002924879954662174
1000     0.006331755001156125    0.01952992400038056
2000     0.004814449996047188    0.009395052002219018
3500     0.006250591999560129    0.026059120005811565
4000     0.017513170998427086    0.0040754529982223175
4500     0.0062241529958555475    0.006251737002457958
5000     0.013922484002250712    0.004414775998156983
10000     0.022014843998476863    0.015224540999042802
20000     0.019918553000024986    0.04962298800091958
50000     0.05889426300564082    0.08990451299905544
100000     0.0696071860002121    0.1881851389989606
200000     0.1471172900055535    0.27663571199809667
500000     0.2980668780000997    0.5884703520059702
1000000     0.43922514299629256    0.9624856509981328
5000000     2.327852919996076    5.408028096004273
7000000     3.2559391190006863    7.274392988998443
10000000     5.845693461000337    18.70993895600259
1     0.08236067799589364    0.011725798998668324
100     0.0028881350008305162    0.001887350001197774
1000     0.0051272329947096296    0.017607241003133822
2000     0.005389830999774858    0.016100114000437316
3500     0.006053258999600075    0.017503328999737278
4000     0.008283136994577944    0.016672311001457274
4500     0.008534398002666421    0.023746050996123813
5000     0.007140777001040988    0.013371187997108791
10000     0.015825634996872395    0.009863306004262995
20000     0.012240032003319357    0.021840605993929785
50000     0.03431031699437881    0.05554850100452313
100000     0.04860199100221507    0.12137151599745266
200000     0.10117239099781727    0.2224174500006484
500000     0.2711445559980348    0.5758114620039123
1000000     0.5132274370043888    1.1481344529966009
5000000     2.803442896998604    5.677959547996579
7000000     4.2648305729962885    8.329938138005673
10000000     4.952650083003391    16.73490093700093
1     0.06351145100052236    0.010910814999078866
100     0.003674005994980689    0.002005042006203439
1000     0.0041326529972138815    0.014795914001297206
2000     0.004639144994143862    0.011465174000477418
3500     0.003449155999987852    0.008915055004763417
4000     0.005233714000496548    0.014383731002453715
4500     0.004953601004672237    0.020231418995535932
5000     0.01293495800200617    0.012141416002123151
10000     0.0074407959982636385    0.007117248998838477
20000     0.009491192002315074    0.01777477900031954
50000     0.022524280000652652    0.054406429997470696
100000     0.04584891400008928    0.12311742700694595
200000     0.09662175999983447    0.21582127999863587
500000     0.33013379800104303    0.5429449450020911
1000000     0.49143425899819704    1.1136149000012665
5000000     3.0879019599960884    6.024275513002067
7000000     3.85900327499985    9.026395871005661
10000000     6.104504517003079    13.620429769995098
1     0.060579660996154416    0.014984085006290115
100     0.0022114739986136556    0.002122343998053111
1000     0.003724529000464827    0.015875733995926566
2000     0.00433935500041116    0.011887659995409194
3500     0.005049058003351092    0.010053152996988501
4000     0.003969159995904192    0.013569916001870297
4500     0.004277070001990069    0.022860049997689202
5000     0.005213208001805469    0.010231195003143512
10000     0.008132274997478817    0.013689428997167852
20000     0.009716224994917866    0.016270054002234247
50000     0.022627985003055073    0.04608777399698738
100000     0.06358037800237071    0.14595924099558033
200000     0.09771987299609464    0.19028472300124122
500000     0.21940752299997257    0.50503597700299
1000000     0.4545220950021758    0.9605749929978629
5000000     2.458172636004747    5.264741268001671
7000000     3.397763552995457    7.07222770700173
10000000     4.576487318001455    13.848148082994157
1     0.059523970005102456    0.011112640997453127
100     0.0027589059973252006    0.0012685470064752735
1000     0.004290207005396951    0.015604142994561698
2000     0.004584304006129969    0.012404871995386202
3500     0.0034533619982539676    0.0096460799977649
4000     0.00340713000332471    0.011507431998325046
4500     0.0030020679987501353    0.02264219200151274
5000     0.004505263001192361    0.01051967099920148
10000     0.007355227004154585    0.012209504995553289
20000     0.0098430729995016    0.016910197999095544
50000     0.022623293996730354    0.05320513100014068
100000     0.05455822200019611    0.11373920799815096
200000     0.08714036399760516    0.19032939900353085
500000     0.24835754599916982    0.5832804829988163
1000000     0.44386456299980637    1.1215064490024815
5000000     2.6937478709951392    5.013487948999682
7000000     3.3491860009962693    7.03174616600154
10000000     5.247720330000448    14.837282066997432
1     0.06593991500267293    0.010761288001958746
100     0.001872444998298306    0.00037958200118737295
1000     0.0031231149987434037    0.015173793995927554
2000     0.0035333339983480982    0.015272415002982598
3500     0.00752398899930995    0.011700078997819219
4000     0.00458280600287253    0.011853269003040623
4500     0.004641668994736392    0.028534545002912637
5000     0.009249916001863312    0.014756969001609832
10000     0.009954565997759346    0.011313668997900095
20000     0.017719988005410414    0.03233843400084879
50000     0.03474527000071248    0.07115210800111527
100000     0.05320641900470946    0.11306924800010165
200000     0.08780996900168248    0.20171045499591855
500000     0.277697874000296    0.5337713949993486
1000000     0.4635196140006883    1.0643251159999636
5000000     2.6840784230007557    5.31824774100096
7000000     3.658398469000531    7.5811636639991775
10000000     4.634598951000953    13.029576569999335
1     0.06583483400027035    0.011762171998270787
100     0.0036425970029085875    0.0017260500026168302
1000     0.0041451520010014065    0.014600148999306839
2000     0.0038416780007537454    0.011210697994101793
3500     0.004070770002726931    0.010816920999786817
4000     0.004576601997541729    0.011467941003502347
4500     0.004127598003833555    0.02587316899735015
5000     0.004336097001214512    0.009242911997716874
10000     0.005363315998692997    0.006622875000175554
20000     0.012067171002854593    0.015069903995026834
50000     0.02009697799803689    0.047906943000270985
100000     0.046538765003788285    0.09386973599612247
200000     0.07971304599777795    0.192035856001894
500000     0.25864801200077636    0.5523321060027229
1000000     0.44842344599601347    1.024470452000969
5000000     2.4448005969970836    5.094533909003076
7000000     3.325891900996794    7.149702690003323
10000000     4.6466102820049855    11.42299511499732
1     0.0644034590004594    0.012547202000860125
100     0.0023435909970430657    0.0018759279992082156
1000     0.003984153001511004    0.015323043000535108
2000     0.005432441997982096    0.012768918000801932
3500     0.00479100600205129    0.010699684993596748
4000     0.005132291000336409    0.013332161994185299
4500     0.005236063996562734    0.02266148699709447
5000     0.0054789640053058974    0.010751684996648692
10000     0.006373322001309134    0.008768530999077484
20000     0.011154813000757713    0.017504448995168786
50000     0.024097253000945784    0.05033657100284472
100000     0.043222161002631765    0.10045084599551046
200000     0.09263116300280672    0.20049577199824853
500000     0.22565718699479476    0.4865939010051079
1000000     0.46625266000046395    1.0458078049996402
5000000     2.4712075639981776    5.061320968001382
7000000     3.299449773003289    7.145362254996144
10000000     4.646900081002968    10.074844953000138
1     0.05395903700264171    0.014556210000591818
100     0.004153803005465306    0.00021909699717070907
1000     0.0032826699971337803    0.013620563004224095
2000     0.00941629899898544    0.013269676004711073
3500     0.004739883996080607    0.008397147001232952
4000     0.005113490995427128    0.011899306999112014
4500     0.007312118003028445    0.02031391899799928
5000     0.006951643998036161    0.012904212999274023
10000     0.009571387003234122    0.007468209994840436
20000     0.00862824400246609    0.03278244499961147
50000     0.021169792002183385    0.04513292699994054
100000     0.0491175739953178    0.0994995180008118
200000     0.09374425100395456    0.20100245499634184
500000     0.23229953100235434    0.5004223189971526
1000000     0.44083470599434804    1.0128841580008157
5000000     2.382363983000687    5.018796007003402
7000000     3.208629202003067    7.064907920997939
10000000     4.49872630500613    10.239564783994865
1     0.06021351300296374    0.012785140999767464
100     0.00212660500255879    0.0014787769978283904
1000     0.0031650789969717152    0.014748034998774529
2000     0.004194991000986192    0.01145609899685951
3500     0.0057927079978981055    0.010806692000187468
4000     0.005850927998835687    0.010286865996022243
4500     0.004673338000429794    0.020863730998826213
5000     0.0031391489974339493    0.01051467999786837
10000     0.006588233998627402    0.008543006995751057
20000     0.0110439080017386    0.01869612099835649
50000     0.019947624001360964    0.049255511999945156
100000     0.03694007200101623    0.1099683710053796
200000     0.08897431300283642    0.19885241200245218
500000     0.22257190399977844    0.4995719910002663
1000000     0.43038791000435594    1.0015745950004202
5000000     2.2932612009972217    5.062889924003684
7000000     3.25968278900109    7.050039989000652
10000000     4.546484831000271    10.116481073993782
