1 4.1343000000027e-05 18
10 0.00026535400000005094 1800
100 0.0007747830000000011 180000
1000 0.12480160600000001 18000000
2000 0.723309173 72000000
2100 0.9349720229999998 79380000
2200 1.001273641 87120000
2400 1.2780134140000001 103680000
2500 1.4792017050000004 112500000
3000 2.679271849 162000000
3400 4.944038840000001 208080000
3500 4.459570606 220500000
4000 6.498727969000001 288000000
4400 8.301848305999997 348480000
4500 8.297932826 364500000
5000 15.340920496000003 450000000
7500 45.6596527 1012500000
10000 97.824032818 1800000000
1 0.07642216000002122 18
10 6.294099998171987e-05 1800
100 0.000271483000005901 180000
1000 0.10013841800000023 18000000
2000 0.7126410660000033 72000000
2100 0.9251779090000127 79380000
2200 0.9402300769999954 87120000
2400 1.2193331219999948 103680000
2500 1.3676122599999871 112500000
3000 2.316721373000007 162000000
3400 3.505635223999974 208080000
3500 3.9021449560000008 220500000
4000 5.53912000599999 288000000
4400 7.926620116999999 348480000
4500 10.13516942999999 364500000
5000 13.589552618999988 450000000
7500 47.525280834 1012500000
10000 97.89524233399999 1800000000
1 0.0738624370000025 18
10 4.004300001270167e-05 1800
100 0.0002138919999765676 180000
1000 0.11533389099997748 18000000
2000 0.8016737260000468 72000000
2100 0.8543475170000079 79380000
2200 0.9324277310000184 87120000
2400 1.255079027000022 103680000
2500 1.4388692949999609 112500000
3000 2.3130505660000154 162000000
3400 3.303361233999965 208080000
3500 3.648580457000037 220500000
4000 5.454607227999986 288000000
4400 7.2455080049999765 348480000
4500 8.022703517000025 364500000
5000 11.096144818000027 450000000
7500 37.275306691000026 1012500000
10000 88.80993661500003 1800000000
1 0.06889956100008021 18
10 7.24390000641506e-05 1800
100 0.00043806399992263323 180000
1000 0.11002617899998768 18000000
2000 0.7447910870000669 72000000
2100 0.8770907350000243 79380000
2200 0.9999447670001018 87120000
2400 1.3266533529999833 103680000
2500 1.3702391110000463 112500000
3000 2.3928345670000226 162000000
3400 3.557453459000044 208080000
3500 3.8745109609999417 220500000
4000 5.9167563959999825 288000000
4400 8.751767130999951 348480000
4500 10.49290148800003 364500000
5000 17.92042105400003 450000000
7500 42.39017340600003 1012500000
10000 114.536881505 1800000000
1 0.08438204799995219 18
10 4.9153000077239994e-05 1800
100 0.0003068389999043575 180000
1000 0.11327285400000164 18000000
2000 0.6835350860000062 72000000
2100 1.0798083109999652 79380000
2200 1.12026506899997 87120000
2400 1.4752279240000234 103680000
2500 1.457949744000075 112500000
3000 2.6885273760000246 162000000
3400 4.238850454000044 208080000
3500 4.198932195999987 220500000
4000 6.759117652999976 288000000
4400 8.550256521999927 348480000
4500 9.465505597999936 364500000
5000 13.397681594000005 450000000
7500 51.578345453 1012500000
10000 95.999488434 1800000000
1 0.0762194690000797 18
10 5.980800006000209e-05 1800
100 0.0005075069998383697 180000
1000 0.14367066500017245 18000000
2000 0.8578093539999827 72000000
2100 1.2260003300000335 79380000
2200 1.5308637840000756 87120000
2400 1.4884641690000535 103680000
2500 1.6574801920000937 112500000
3000 2.73023771499993 162000000
3400 4.764173317000086 208080000
3500 3.5420553730000393 220500000
4000 4.725224199999957 288000000
4400 5.469768577000195 348480000
4500 8.63137308499995 364500000
5000 16.73800637599993 450000000
7500 42.83632609599999 1012500000
10000 114.62198667500002 1800000000
1 0.08904390299994702 18
10 4.578000016408623e-05 1800
100 0.0004282469999452587 180000
1000 0.11887524400003713 18000000
2000 0.5251096409999718 72000000
2100 0.6929074909999144 79380000
2200 1.4075438620000114 87120000
2400 1.7817102100000284 103680000
2500 2.1593698880001284 112500000
3000 2.2295554029999494 162000000
3400 2.6169497119999505 208080000
3500 3.0921770410000136 220500000
4000 5.8183834909998495 288000000
4400 6.963745214000028 348480000
4500 8.563035432000106 364500000
5000 11.022406796000041 450000000
7500 45.631558095999935 1012500000
10000 110.83598579099998 1800000000
1 0.07016125699988152 18
10 4.360100001576939e-05 1800
100 0.00022814199996901152 180000
1000 0.17791502400018544 18000000
2000 1.3037100669998836 72000000
2100 1.5458935080000629 79380000
2200 1.351339365000058 87120000
2400 1.3279292320000877 103680000
2500 1.9763280199999826 112500000
3000 2.745622977000039 162000000
3400 3.020379237999805 208080000
3500 3.804982961000178 220500000
4000 5.711262253000086 288000000
4400 5.798025257999825 348480000
4500 6.895809729999883 364500000
5000 10.99915315599992 450000000
7500 49.670810745999916 1012500000
10000 130.64259037999977 1800000000
1 0.08884989300008783 18
10 4.7992999952839455e-05 1800
100 0.0004047069999160158 180000
1000 0.14250431400000707 18000000
2000 1.0693030179998004 72000000
2100 1.5749393419998796 79380000
2200 2.0303232619999108 87120000
2400 1.8645141169999988 103680000
2500 2.2904034779999165 112500000
3000 3.694880547999901 162000000
3400 7.320743084000014 208080000
3500 10.865182484999877 220500000
4000 10.933715012999983 288000000
4400 9.241921626000021 348480000
4500 10.329747494000003 364500000
5000 15.149583235000136 450000000
7500 52.33484398299993 1012500000
10000 107.89644583200015 1800000000
1 0.09972181299986005 18
10 4.97399998948822e-05 1800
100 0.0003866990000460646 180000
1000 0.11408275799999501 18000000
2000 0.5494918549998147 72000000
2100 0.7552323110000998 79380000
2200 0.7884042079999745 87120000
2400 1.0002325059999748 103680000
2500 1.1556045360000553 112500000
3000 1.9882428290000007 162000000
3400 2.981874573999903 208080000
3500 2.68456039900002 220500000
4000 3.9929994930000703 288000000
4400 5.899888007000072 348480000
4500 6.30070058299998 364500000
5000 10.450681867999947 450000000
7500 38.23642506400006 1012500000
10000 89.52151307700001 1800000000
