1     4.977599996891513e-05    0.0006354160000228148    8
10     0.00010352100002819498    0.002811080000014954    800
100     0.00027308900007483317    0.005317734999948698    80000
1000     0.006552970000029745    0.1296553130000575    8000000
2000     0.008000463000030322    0.9425921490000064    32000000
2100     0.011623067999948944    0.955666779000012    35280000
2200     0.011681554000006145    1.062662019999948    38720000
2400     0.013798629000007168    1.364453014999981    46080000
2500     0.014389811999990343    1.5889882299999272    50000000
3000     0.019646031999968727    3.0687002409999877    72000000
3400     0.02838636800004224    4.768024151999953    92480000
3500     0.030924763999905736    7.056944010000052    98000000
4000     0.0475168880000183    8.20013548999998    128000000
4400     0.041589991000023474    11.06345184700001    154880000
4500     0.04548859299995911    11.123243435999939    162000000
5000     0.06598476399994979    13.821927784000081    200000000
7500     0.06457363799995619    42.01229750300001    450000000
10000     0.07293106600002375    95.14713216799998    800000000
1     0.0044186129999843615    0.04125919299997349    8
10     0.00014106399999036512    0.001408754000067347    800
100     0.0022103559999777644    0.0008036899999979141    80000
1000     0.006461500000000342    0.12938546999998835    8000000
2000     0.011589967999952933    0.9397590760000867    32000000
2100     0.011364024000044992    1.0374519150000197    35280000
2200     0.0107313170000225    1.1195096929999409    38720000
2400     0.012955345000023044    1.4950190649999513    46080000
2500     0.01750894499991773    1.6694384930000297    50000000
3000     0.01751004900006592    2.7186299940000254    72000000
3400     0.026933911000014632    4.05131698799994    92480000
3500     0.044246123999982956    4.4588365889999295    98000000
4000     0.03503073800004586    6.330313345000036    128000000
4400     0.035970594999980676    8.282238029000041    154880000
4500     0.04196426499993322    8.797037087000035    162000000
5000     0.053842716999952245    12.053536452999992    200000000
7500     0.0781606450000254    48.104538218000016    450000000
10000     0.103040688999954    106.479476825    800000000
1     0.02130134200001521    0.036555438000050344    8
10     6.476999999449617e-05    0.00022744099999272294    800
100     0.0009128569998892999    0.0006402490000709804    80000
1000     0.0108499440000287    0.22804112300002544    8000000
2000     0.009875298999986626    1.1631840070000408    32000000
2100     0.031294616999957725    1.3600373450000234    35280000
2200     0.014619459999948958    1.4752604430000247    38720000
2400     0.018932116999963    1.9283581160000267    46080000
2500     0.019087100000092505    2.121681621999983    50000000
3000     0.029683356999953503    3.871816867000007    72000000
3400     0.02423152000005757    5.224523350000027    92480000
3500     0.030730996999977833    5.893325394000044    98000000
4000     0.05168814199998906    9.870612062999953    128000000
4400     0.036003486000026896    11.215377111999942    154880000
4500     0.05362435100005314    12.083347666999998    162000000
5000     0.0548552010000094    13.284752570999899    200000000
7500     0.06968646800009992    40.538607877000004    450000000
10000     0.08807983099995909    92.016554326    800000000
1     0.03807254999992438    0.0433939829999872    8
10     4.610999985743547e-05    0.00013198000010561373    800
100     0.0009076480000658194    0.003125313999817081    80000
1000     0.009888182000167944    0.2124950169998101    8000000
2000     0.012551283999982843    1.4842482169999585    32000000
2100     0.028264976000173192    1.9901358399999936    35280000
2200     0.019721086000117793    2.132838718999892    38720000
2400     0.02442781899981128    1.89015267700006    46080000
2500     0.01691943099990567    1.6126496409999618    50000000
3000     0.021080767999819727    2.7664019920000555    72000000
3400     0.02451491400006489    4.538112076000061    92480000
3500     0.031715093000002526    4.381228964999991    98000000
4000     0.03131585200003428    6.756262023999852    128000000
4400     0.03858127000012246    8.214681704999975    154880000
4500     0.03886696299991854    8.951318677000017    162000000
5000     0.04714039899999989    12.18170575199997    200000000
7500     0.07296804199995677    43.1793003790001    450000000
10000     0.10122619800017674    91.57406452699979    800000000
1     0.022585776999903828    0.026830924000023515    8
10     7.846700009395136e-05    0.00020277299995541398    800
100     0.005423731000064436    0.0005007009999644652    80000
1000     0.002863336000018535    0.1091751869998916    8000000
2000     0.008558895000078337    0.8684608640000988    32000000
2100     0.011432128000024022    0.9725980370001253    35280000
2200     0.012925182000117275    1.1321720629998708    38720000
2400     0.03145015199993395    1.4951807019999706    46080000
2500     0.015293552000002819    1.7053075389999321    50000000
3000     0.021023269000124856    2.832155352999962    72000000
3400     0.029819484000199736    3.990915585999801    92480000
3500     0.02629551400013952    4.353468456999963    98000000
4000     0.04203309000013178    6.284117705999961    128000000
4400     0.035589380000146775    8.941706722999925    154880000
4500     0.04298049399994852    8.832154081999988    162000000
5000     0.055559516000130316    11.636782394999955    200000000
7500     0.06249109400005182    47.67192697999985    450000000
10000     0.08251141000005191    92.90980327399984    800000000
1     0.03223161000005348    0.03337500599991472    8
10     4.9736999926608405e-05    0.00012290600011510833    800
100     0.0022502900001200032    0.00042011099981209554    80000
1000     0.005080884000108199    0.11282482799992977    8000000
2000     0.011284107999927073    0.7926611539999158    32000000
2100     0.015097932999879049    0.9111766600001374    35280000
2200     0.009869858000001841    1.071700354000086    38720000
2400     0.012932705999901373    1.3920190580001872    46080000
2500     0.016834405999816227    1.625190590000102    50000000
3000     0.02046634700013783    2.692215267999927    72000000
3400     0.02449592700008907    3.9586785519998102    92480000
3500     0.029426639999883264    4.285006738999982    98000000
4000     0.03017879300000459    6.226774154000168    128000000
4400     0.0351928070001577    8.078044770999895    154880000
4500     0.041131235000193556    8.65313627799992    162000000
5000     0.05094637299998794    11.733451312999932    200000000
7500     0.056960927999853084    39.54230467100001    450000000
10000     0.08631510199984405    90.85016687200005    800000000
1     0.04318380199993044    0.033787225000196486    8
10     3.477599989309965e-05    0.00011289200006103783    800
100     0.0005162670001936931    0.0005256389999885869    80000
1000     0.002826667999897836    0.10928177899995717    8000000
2000     0.008236707999913051    0.7728600230000211    32000000
2100     0.009070819000044139    0.9131402220000382    35280000
2200     0.0106425430001309    1.0864607149999301    38720000
2400     0.015799449000041932    1.4454726379999556    46080000
2500     0.014467158999877938    1.4966152619999775    50000000
3000     0.02197169800001575    2.6946890399999575    72000000
3400     0.026478804000134915    5.127641336999886    92480000
3500     0.02775224399988474    4.180099202000065    98000000
4000     0.03069646099993406    6.139384695999979    128000000
4400     0.03974479499993322    8.172263119000036    154880000
4500     0.044513717999961955    8.626500130000068    162000000
5000     0.052735189000031824    12.888081062999845    200000000
7500     0.06404942099993605    41.55284849899999    450000000
10000     0.08566630500013162    93.0640135189999    800000000
1     0.04208146500013754    0.04059148900000764    8
10     6.29729997854156e-05    0.00023187800002233416    800
100     0.00031554099996355944    0.0015034150001156377    80000
1000     0.0031743259999075235    0.11282969700005197    8000000
2000     0.00853261400015981    0.7881949840000289    32000000
2100     0.00910012199983612    0.9162130240001716    35280000
2200     0.011473763999902076    1.130888423999977    38720000
2400     0.014123731999916345    1.4219504180000513    46080000
2500     0.014935558000161109    1.5713043329999437    50000000
3000     0.02032630199983032    2.7678583560000334    72000000
3400     0.025555123000003732    3.7640711569999894    92480000
3500     0.025114535000057003    4.517957391999971    98000000
4000     0.02964886600011596    6.387697028000048    128000000
4400     0.0390445959999397    8.542019270000083    154880000
4500     0.04680740699996022    10.052733833000048    162000000
5000     0.05742274599992925    11.927814364000142    200000000
7500     0.06534951499997987    42.126091060000135    450000000
10000     0.09290912599999501    98.98515318    800000000
1     0.04406148399993981    0.04269424099993557    8
10     3.4048000088660046e-05    0.00011260900009801844    800
100     0.0013782219998574874    0.0003516950000630459    80000
1000     0.003168699999605451    0.11336076700035846    8000000
2000     0.008641301999887219    0.9047032829998898    32000000
2100     0.010503713000161952    0.9024611519998871    35280000
2200     0.010268319000260817    1.075513860999763    38720000
2400     0.016201677000026393    1.435310976999972    46080000
2500     0.014081032000376581    1.5849015569997391    50000000
3000     0.02095839399999022    2.717507241000021    72000000
3400     0.025444337999942945    3.983411095000065    92480000
3500     0.027879619000032108    4.817579959000341    98000000
4000     0.03476311699978396    6.3239402530002735    128000000
4400     0.0383169460001227    9.83679072599989    154880000
4500     0.04196772499972212    8.862147041000298    162000000
5000     0.05131044000017937    11.95953570499978    200000000
7500     0.06137583399959112    46.65729014300041    450000000
10000     0.08210503500004052    95.60503212599997    800000000
1     0.04487141299978248    0.04121643500002392    8
10     3.920399967682897e-05    0.0001177230001303542    800
100     0.001041815000007773    0.0008237460001510044    80000
1000     0.003174108999701275    0.12927877200036164    8000000
2000     0.013816626000334509    0.8462244689999352    32000000
2100     0.010202691999893432    1.0651811890002136    35280000
2200     0.011314776999824971    1.642977301999963    38720000
2400     0.02155531600010363    1.6262934289998157    46080000
2500     0.015374378000160505    1.8421091330001218    50000000
3000     0.022625887999765837    2.9044834360001914    72000000
3400     0.0269373899996026    4.052224805000151    92480000
3500     0.02464874299994335    4.403330052999991    98000000
4000     0.03347224399976767    6.254646649999813    128000000
4400     0.03697932500017487    8.26124427700006    154880000
4500     0.04036949700002879    8.65460971399989    162000000
5000     0.05257681000011871    13.048309232000065    200000000
7500     0.06812149200004569    38.72602356000016    450000000
10000     0.08515063899994857    93.402138208    800000000
