1     2.1695000214094762e-05    0.0008044300002438831    16
10     2.3214000066218432e-05    0.0013877390001653112    1600
100     0.0004917959995509591    0.006364577000567806    160000
1000     0.00747804900038318    0.12738418499975523    16000000
2000     0.016997923999952036    0.7188509229999909    64000000
2100     0.023925769000015862    0.7770548790003886    70560000
2200     0.015000057999714045    0.8209397230002651    77440000
2400     0.01863560600031633    0.8876675680003245    92160000
2500     0.019852299999911338    1.1057475649995467    100000000
3000     0.022433682999690063    2.402335026000401    144000000
3400     0.027891929999896092    5.763931118999608    184960000
3500     0.04828889500004152    3.643503254999814    196000000
4000     0.03533396500006347    5.633506538000802    256000000
4400     0.04511612799979048    12.38155297100002    309760000
4500     0.06385131600018212    7.435604023999986    324000000
5000     0.05753269700016972    13.010096969999722    400000000
7500     0.09526766599992698    41.12205274799999    900000000
10000     0.1306641179999133    90.4032415900001    1600000000
1     0.06599989500045922    0.08670929100026115    16
10     7.915999958640896e-05    0.002490716000465909    1600
100     0.0035455580000416376    0.0013755279996985337    160000
1000     0.01571453399992606    0.1609455709995018    16000000
2000     0.034225056999275694    0.7698193760006689    64000000
2100     0.019917720999728772    0.8240158620001239    70560000
2200     0.01871755399952235    0.9350359210002352    77440000
2400     0.021966053000141983    1.0626340560002063    92160000
2500     0.02672292499937612    1.296987853000246    100000000
3000     0.02636899499975698    2.14561668099941    144000000
3400     0.033522284000355285    3.1163147159995788    184960000
3500     0.03786193799987814    3.318177444999492    196000000
4000     0.04061634099980438    4.749506451000343    256000000
4400     0.04305490800015832    6.811500941999839    309760000
4500     0.0644079639996562    7.687778002000414    324000000
5000     0.05269631600003777    10.239164454999809    400000000
7500     0.07006251300026634    29.538260852999883    900000000
10000     0.10768394299975625    69.85266515999956    1600000000
1     0.06572387600044749    0.07017231099962373    16
10     3.9788000322005246e-05    0.00012745399999403162    1600
100     0.0008261709999715094    0.0011642499994195532    160000
1000     0.0044780769994758884    0.1365181240007587    16000000
2000     0.018898454000009224    0.6798031520002041    64000000
2100     0.02530545900026482    0.8369159639996724    70560000
2200     0.019285774000309175    0.9066431069995815    77440000
2400     0.03482569700008753    1.0508773259998634    92160000
2500     0.025783271999898716    1.2533375020002495    100000000
3000     0.0373854109993772    2.066045583000232    144000000
3400     0.050502522999522625    2.9919965770004637    184960000
3500     0.04619715999979235    3.208212927999739    196000000
4000     0.05800815600014175    5.677365151999766    256000000
4400     0.048979119999785325    6.305851504000202    309760000
4500     0.04737228999965737    6.711293230000592    324000000
5000     0.05553119999967748    9.219036196000161    400000000
7500     0.06269093800074188    29.341232507999848    900000000
10000     0.11417738999989524    70.60590113699982    1600000000
1     0.06305511099981231    0.08085533499979647    16
10     4.9850999857881106e-05    0.00014683199970022542    1600
100     0.00019832399993902072    0.0007621590002599987    160000
1000     0.006528363000143145    0.12946815899977082    16000000
2000     0.018186506999882113    0.6990161260000605    64000000
2100     0.018277073999342974    0.8057954690002589    70560000
2200     0.020414923999851453    0.9074415699997189    77440000
2400     0.023240468000039982    1.0732029619994137    92160000
2500     0.0269216980004785    1.268704482999965    100000000
3000     0.038008776000424405    2.1285776609993263    144000000
3400     0.05433333700057119    2.951171159000296    184960000
3500     0.055268420000174956    3.2696275079997577    196000000
4000     0.05265729599977931    4.7655398609995245    256000000
4400     0.045121954000023834    6.242795737999586    309760000
4500     0.047395882999808236    6.680056842999875    324000000
5000     0.05041060599978664    9.205390498999805    400000000
7500     0.06611594800051535    31.318778885999563    900000000
10000     0.11537064200001623    69.6437316270003    1600000000
1     0.07287715399979788    0.07394357600060175    16
10     4.138699932809686e-05    0.0003153570005451911    1600
100     0.0013266659998407704    0.0005635039997287095    160000
1000     0.005821264000587689    0.1291691449996506    16000000
2000     0.018340607000027376    0.7657245350001176    64000000
2100     0.016993682999782322    0.7789591569999175    70560000
2200     0.01992050500030018    0.9253568449994418    77440000
2400     0.029520242999751645    1.0580130819998885    92160000
2500     0.02977049800028908    1.3376173819997348    100000000
3000     0.03562038499967457    2.0710574630002156    144000000
3400     0.0520797790004508    2.9563271559991335    184960000
3500     0.05434800399962114    3.2473567449997063    196000000
4000     0.06073051799921814    4.659955275000357    256000000
4400     0.04267519499990158    6.476537897000526    309760000
4500     0.04521848100011994    6.85304921199986    324000000
5000     0.06060277500000666    9.940115973000502    400000000
7500     0.06844577599986224    29.676531277999857    900000000
10000     0.10737122200043814    77.14285841299989    1600000000
1     0.07248252799945476    0.08236082700022962    16
10     4.2720999772427604e-05    0.00031248300001607276    1600
100     0.0006079409995436436    0.0017915799999173032    160000
1000     0.006002566999995906    0.13716194199969323    16000000
2000     0.018689317999815103    0.7224134790003518    64000000
2100     0.021175926000069012    0.85481733800043    70560000
2200     0.0230693710000196    1.035726811999666    77440000
2400     0.027003227999557566    1.5652025959998355    92160000
2500     0.03484749400013243    1.8097946279995085    100000000
3000     0.048700483000175154    2.2208429100001013    144000000
3400     0.04741128700061381    3.1759884359998978    184960000
3500     0.06815466900025058    3.964947483999822    196000000
4000     0.07281698499991762    6.097926311000265    256000000
4400     0.05049907200009329    7.234394557000087    309760000
4500     0.06843738200041116    8.455401639999764    324000000
5000     0.053313913000238244    10.306835582999156    400000000
7500     0.07332110100014688    40.72229454199987    900000000
10000     0.15650500599986117    76.62472349600012    1600000000
1     0.07275881999976264    0.08185977999983152    16
10     6.921400017745327e-05    0.0005095759997857385    1600
100     0.0006175890002850792    0.002241877999949793    160000
1000     0.0061381120003716205    0.13799846999972942    16000000
2000     0.019373195999833115    0.6995640969998931    64000000
2100     0.017630664000535035    0.8384124280000833    70560000
2200     0.020284009000533842    0.9219223969994346    77440000
2400     0.02665750400046818    1.0430941979993804    92160000
2500     0.02669371100000717    1.2921258019996458    100000000
3000     0.03899027199986449    2.1853020199996536    144000000
3400     0.04838505800034909    3.0731085389998043    184960000
3500     0.05103962599969236    3.3264571159998013    196000000
4000     0.05952882699966722    5.681885300999966    256000000
4400     0.06347443999948155    6.405662824000501    309760000
4500     0.04241132799961633    6.869418404000498    324000000
5000     0.05328004799957853    9.487589370000023    400000000
7500     0.07298537899987423    30.023924020999402    900000000
10000     0.11468221799987077    70.77040343000044    1600000000
1     0.07732191499962937    0.07683429200005776    16
10     7.144800019887043e-05    0.0011585160000322503    1600
100     0.00020373500046844129    0.0023082999996404396    160000
1000     0.005744363000303565    0.14120276199992077    16000000
2000     0.018173806000049808    0.6789487679998274    64000000
2100     0.02261474100032501    0.8203825009995853    70560000
2200     0.019810165999842866    0.9021079409994854    77440000
2400     0.02278850900074758    1.0937133529996572    92160000
2500     0.030600932999732322    1.2322848499998145    100000000
3000     0.036379302000568714    2.0984484439995867    144000000
3400     0.04850036999960139    2.9898746740000206    184960000
3500     0.0498073700000532    3.259752588000083    196000000
4000     0.059568724000200746    4.8202293559998    256000000
4400     0.04839009200077271    6.2751662009995925    309760000
4500     0.04484786000011809    6.82023677000052    324000000
5000     0.052606354000090505    9.315937372000008    400000000
7500     0.07006409800032998    31.101012781999998    900000000
10000     0.12274589700064098    80.22947560399916    1600000000
1     0.08847924000019702    0.09549506199982716    16
10     5.0663000365602784e-05    0.0006394869997166097    1600
100     0.00031216500065056607    0.004672826999922108    160000
1000     0.007388838000224496    0.14219919399965875    16000000
2000     0.018966411000292283    0.8796494810003423    64000000
2100     0.02016168599948287    1.0603523850004422    70560000
2200     0.02709109300030832    1.2036366149995956    77440000
2400     0.0302014799999597    1.4659046719998514    92160000
2500     0.03340526600004523    1.6469668359995921    100000000
3000     0.053271163000317756    2.8167259199999535    144000000
3400     0.05053203199986456    4.065588282000135    184960000
3500     0.052997546000369766    4.572939921999932    196000000
4000     0.06749378099993919    7.289501701000518    256000000
4400     0.06106619199999841    8.52577489000032    309760000
4500     0.05956831699950271    9.493201106000015    324000000
5000     0.056481289999283035    12.560651464999864    400000000
7500     0.0901454790000571    34.78643620599996    900000000
10000     0.15505675500025973    75.50275918500029    1600000000
1     0.0652737939999497    0.06973335200018482    16
10     4.1229000089515466e-05    0.00026075999994645827    1600
100     0.00019019600040337536    0.0005357569998523104    160000
1000     0.005507454000508005    0.12454693899962876    16000000
2000     0.021801214999868535    0.6998720020001201    64000000
2100     0.01860814500014385    0.8661939459998393    70560000
2200     0.020002846000352292    0.889893378999659    77440000
2400     0.02487997899970651    1.053660859000047    92160000
2500     0.02622318500016263    1.300344498999948    100000000
3000     0.0400814469994657    2.1096886840005027    144000000
3400     0.05016637599965179    3.0722761529996205    184960000
3500     0.054512538999915705    3.27873502500006    196000000
4000     0.0624639899997419    4.687740323000071    256000000
4400     0.05181798500052537    6.244013339000048    309760000
4500     0.04452466600014304    6.935976249000305    324000000
5000     0.049444244999904186    10.184491054999853    400000000
7500     0.07510252399970341    30.25086763300078    900000000
10000     0.10958350599867117    69.98063043900038    1600000000
