1     2.2000000171829015e-05    0.0008904329997676541    6
10     2.6106000404979568e-05    0.0014595319998988998    600
100     0.0008012940006665303    0.009061849999852711    60000
1000     0.006452311999964877    0.06135770300079457    6000000
2000     0.017548896999869612    0.3893589740000607    24000000
2100     0.015641149000657606    0.4162582150001981    26460000
2200     0.007774119999339746    0.43505561700021644    29040000
2400     0.007240021999677992    0.5011582380002437    34560000
2500     0.008089535999715736    0.5791541899998265    37500000
3000     0.010544934999416    0.9379924430004394    54000000
3400     0.012905568999485695    1.2920812860002115    69360000
3500     0.0153648070008785    1.5547733369994603    73500000
4000     0.018525297999985924    2.035339866999493    96000000
4400     0.023546729999907257    3.1611273799999253    116160000
4500     0.021082605000628973    3.376332130999799    121500000
5000     0.031284317999961786    4.850631649000206    150000000
7500     0.05371215699960885    14.154428126999846    337500000
10000     0.07976303299983556    33.55353926800035    600000000
1     0.01854078899941669    0.03574567299983755    6
10     3.578100040613208e-05    0.0015841249996810802    600
100     0.0007596949999424396    0.001595359000020835    60000
1000     0.005341921999388433    0.07368580100046529    6000000
2000     0.009511068999927375    0.4297191420000672    24000000
2100     0.010542465999606065    0.4574754400000529    26460000
2200     0.0073949679999714135    0.4983251969997582    29040000
2400     0.00892950799971004    0.5855205440002464    34560000
2500     0.00944177299970761    0.7045547090001492    37500000
3000     0.021022005999839166    1.6019927659999667    54000000
3400     0.02251904500008095    2.7564524139997957    69360000
3500     0.025221824000254855    2.9965621250003096    73500000
4000     0.023913958999401075    3.4490229740003997    96000000
4400     0.022372450000148092    3.1720584439999584    116160000
4500     0.024065171999609447    3.4596010960003696    121500000
5000     0.02725524800007406    4.686887174000731    150000000
7500     0.055490944000666786    14.752934125000138    337500000
10000     0.0739539740006876    34.38898063399938    600000000
1     0.018472718999873905    0.034477844000321056    6
10     5.476299975271104e-05    0.0001447810000172467    600
100     0.00026142200022150064    0.00046166900028765667    60000
1000     0.0030697009997311397    0.07131210599982296    6000000
2000     0.009874856000351429    0.4275291459998698    24000000
2100     0.007578298999760591    0.45148246500048117    26460000
2200     0.009955462000107218    0.5867542770001819    29040000
2400     0.013302198999554093    0.6063408680001885    34560000
2500     0.01046633500027383    0.7165613320003104    37500000
3000     0.014600700000301003    1.0941939240001375    54000000
3400     0.019425314000727667    1.5239010969999072    69360000
3500     0.01665262200003781    1.666114712000308    73500000
4000     0.020111997000640258    2.383063683999353    96000000
4400     0.021764232000350603    3.225197511999795    116160000
4500     0.02878787400004512    4.6710931690004145    121500000
5000     0.042715746999419935    4.890560569000627    150000000
7500     0.04904821600030118    14.609134858999823    337500000
10000     0.07875833899925055    34.74510379200001    600000000
1     0.019379741000193462    0.033035851000022376    6
10     4.4754000555258244e-05    0.001940993000062008    600
100     0.0008496290001858142    0.0017504689994893852    60000
1000     0.0031193909999274183    0.06468304300051386    6000000
2000     0.009926638000251842    0.4351821319996816    24000000
2100     0.006813008999415615    0.4607069200001206    26460000
2200     0.0074756430003617425    0.5031426979994649    29040000
2400     0.00898234299984324    0.65210451799976    34560000
2500     0.009702295999886701    0.7760555439999735    37500000
3000     0.015559687999484595    1.1307728159999897    54000000
3400     0.017326522000075784    1.574045185999239    69360000
3500     0.018955519999508397    1.6935092720004832    73500000
4000     0.025772789999791712    2.4039141869998275    96000000
4400     0.02442501799941965    3.270876828000837    116160000
4500     0.02236624400029541    3.402450415000203    121500000
5000     0.027561662999687542    4.564483636000659    150000000
7500     0.05265322600007494    14.93282391899993    337500000
10000     0.07597994600018865    34.98652402500011    600000000
1     0.01822408499992889    0.03581161500005692    6
10     4.4114999582234304e-05    0.0005296580002323026    600
100     0.00020406699968589237    0.0018320039998798165    60000
1000     0.003629748999628646    0.06325866899987886    6000000
2000     0.00886086599984992    0.4315565910001169    24000000
2100     0.006855754999378405    0.4735395090001475    26460000
2200     0.00907191900023463    0.5072583290002513    29040000
2400     0.010319151000658167    0.6119737729995904    34560000
2500     0.01564590400084853    0.7768992229994183    37500000
3000     0.012735739000163449    1.1440099339997687    54000000
3400     0.015286085999832721    1.5288301470000079    69360000
3500     0.018670301000383915    1.6713742219999403    73500000
4000     0.020307806000346318    2.383982252000351    96000000
4400     0.027268196000477474    3.1947453519997    116160000
4500     0.025038184000550245    3.4048883539999224    121500000
5000     0.03226518500014208    4.603044991999923    150000000
7500     0.050398426999890944    17.640573205999317    337500000
10000     0.11173508299998502    40.220154958999956    600000000
1     0.017101272999752837    0.03929625599994324    6
10     5.857799988007173e-05    0.0029561860001194873    600
100     0.0001658729997870978    0.0005196680003791698    60000
1000     0.003336533000037889    0.07195948699973087    6000000
2000     0.009712129999570607    0.4449753180006155    24000000
2100     0.007127642999876116    0.46246151400009694    26460000
2200     0.010210403999735718    0.5406410599998708    29040000
2400     0.009808298999814724    0.6062129049996656    34560000
2500     0.01050453900006687    0.7300976619999346    37500000
3000     0.012289491999581514    1.175993677000406    54000000
3400     0.01672227800008841    1.5594377339994026    69360000
3500     0.016508267000062915    1.801340901999538    73500000
4000     0.020912488999783818    2.756568427000275    96000000
4400     0.03229200999976456    3.848837685000035    116160000
4500     0.02940089099956822    3.4685179340003742    121500000
5000     0.03534002500055067    4.553011121000054    150000000
7500     0.056743731000096886    14.780192889999853    337500000
10000     0.08439548800015473    35.22045465799965    600000000
1     0.020767099999829952    0.034457118999853265    6
10     4.0902999899117276e-05    0.00014303099942480912    600
100     0.00018505900061427383    0.0004892259994448978    60000
1000     0.0037083979996168637    0.07408186000066053    6000000
2000     0.00935102099992946    0.43628980700032116    24000000
2100     0.007327244000407518    0.45748578300026566    26460000
2200     0.010545761999310344    0.5100559350003095    29040000
2400     0.012325575999966532    0.6044063670005926    34560000
2500     0.010287232999871776    0.7334892640001272    37500000
3000     0.012521967000793666    1.1553442109998286    54000000
3400     0.01570355700005166    1.5813504249999824    69360000
3500     0.017926675000126124    1.7322767179994116    73500000
4000     0.020039050999912433    2.540790553000079    96000000
4400     0.02763996900011989    3.19247278200055    116160000
4500     0.033671451000373054    3.433257169999706    121500000
5000     0.027843511000355647    4.705281704999834    150000000
7500     0.05814732999988337    14.960933728999407    337500000
10000     0.07456045700018876    35.29425767599969    600000000
1     0.018339301999731106    0.03614481600016006    6
10     4.6285999815154355e-05    0.0001543770003991085    600
100     0.00020838599994021934    0.0005520570002772729    60000
1000     0.004032824000205437    0.07452817899957154    6000000
2000     0.010171474999879138    0.4509555989998262    24000000
2100     0.0073105579995171865    0.46512966200043593    26460000
2200     0.009479952000219782    0.537858511000195    29040000
2400     0.009215807000146015    0.6072729980005533    34560000
2500     0.010700043999349873    0.7159504450000895    37500000
3000     0.012318265000430983    1.2406039640000017    54000000
3400     0.01647718000003806    1.5768345000005866    69360000
3500     0.0184735439997894    1.8356841270006043    73500000
4000     0.027513220000400906    2.458054142999572    96000000
4400     0.024401116999797523    3.1952277010004764    116160000
4500     0.03309586399973341    3.4465662900001917    121500000
5000     0.03421060500022577    4.623348535000332    150000000
7500     0.054384273999858124    14.817251317999762    337500000
10000     0.09176173600008042    35.25535938899975    600000000
1     0.018339993999688886    0.0406479240000408    6
10     6.925799971213564e-05    0.001233431000400742    600
100     0.00019676800002343953    0.0005791020003016456    60000
1000     0.0042065249999723164    0.0717160940002941    6000000
2000     0.009619501000088349    0.43696913499934453    24000000
2100     0.007462104999831354    0.4568802029998551    26460000
2200     0.0099900000004709    0.5356139639998219    29040000
2400     0.01081039999917266    0.6209346100004041    34560000
2500     0.00992201900044165    0.7209990250003102    37500000
3000     0.01401419200010423    1.1874669620001441    54000000
3400     0.01631632799944782    1.5744300100004693    69360000
3500     0.017595571000128984    1.755629934999888    73500000
4000     0.021179874999688764    2.4719001180001214    96000000
4400     0.02459454099971481    3.1910513269995135    116160000
4500     0.024512578999747348    3.4248290320001615    121500000
5000     0.028132798999649822    4.584358986000552    150000000
7500     0.06017551800050569    16.249640862999513    337500000
10000     0.09238402099981613    34.473400769000364    600000000
1     0.018536782000410312    0.03558266099935281    6
10     4.383299983601319e-05    0.0004726030001620529    600
100     0.0001990390001083142    0.0005319150004652329    60000
1000     0.003886233000230277    0.07412132099943847    6000000
2000     0.009638808999625326    0.4385876370006372    24000000
2100     0.008260153999799513    0.471481907999987    26460000
2200     0.009043592999660177    0.555876729999909    29040000
2400     0.010543168999902264    0.5987962149993109    34560000
2500     0.01417251299972122    0.7587034569996831    37500000
3000     0.014407438000489492    1.1277270299997326    54000000
3400     0.017389172999173752    1.5941794910004319    69360000
3500     0.017415655000149854    1.7272896230006154    73500000
4000     0.02264523600024404    2.479982523000217    96000000
4400     0.023320563999732258    3.2685285689995    116160000
4500     0.02436599100019521    3.9260059219996037    121500000
5000     0.03170726000007562    5.260631989000103    150000000
7500     0.06276872000034928    15.127164399000321    337500000
10000     0.07978888599973288    33.74885344199993    600000000
