1     2.526400021451991e-05    0.0008751209998081322    8
10     2.6656000045477413e-05    0.0017749110002114321    800
100     0.0018441689999235678    0.0009211890001097345    80000
1000     0.009326461999989988    0.06026523399941652    8000000
2000     0.009757869000168284    0.39673041100013506    32000000
2100     0.011094678000517888    0.3956290389996866    35280000
2200     0.014902361999702407    0.4411374789997353    38720000
2400     0.012931320999996387    0.520641238999815    46080000
2500     0.02329679499962367    0.6138575289996879    50000000
3000     0.01649746499970206    0.9808559120001519    72000000
3400     0.022061540999857243    1.400121188000412    92480000
3500     0.025777482999728818    1.5215758499998628    98000000
4000     0.031962512000063725    2.406774846999724    128000000
4400     0.04568193199975212    2.9739572079997743    154880000
4500     0.03447867699924245    3.3286941580008715    162000000
5000     0.04640248600026098    4.555066987999453    200000000
7500     0.05991677099973458    14.766801325000415    450000000
10000     0.09763932899932115    37.1429037300004    800000000
1     0.034641715999896405    0.0369315119996827    8
10     4.220400023768889e-05    0.00014618800014432054    800
100     0.0009838820005825255    0.001195144999655895    80000
1000     0.004557195999950636    0.07600043000002188    8000000
2000     0.01180970499990508    0.43985233399962453    32000000
2100     0.010911107000538323    0.5035145279998687    35280000
2200     0.013463820999277232    0.6934082269999635    38720000
2400     0.03297788799955015    0.8588469820006139    46080000
2500     0.019784625999818672    1.0126360149997709    50000000
3000     0.029207206999672053    1.3075891830003457    72000000
3400     0.03247462200033624    1.7826139819999298    92480000
3500     0.03398496099998738    2.172830170999987    98000000
4000     0.043274716999803786    2.726949193999644    128000000
4400     0.05337279099967418    3.4862553390003086    154880000
4500     0.04549870399932843    3.630845491999935    162000000
5000     0.05938121800045337    4.710847792000095    200000000
7500     0.07018733399945631    16.333089989000655    450000000
10000     0.10076363600001059    35.18363527299971    800000000
1     0.030872460999489704    0.040089721999720496    8
10     4.384200019558193e-05    0.000148516999615822    800
100     0.00019834500017168466    0.0005415869991338695    80000
1000     0.0046221109996622545    0.07108622600026138    8000000
2000     0.014442788999986078    0.453759515999991    32000000
2100     0.015585156000270217    0.4824850739996691    35280000
2200     0.015846220000639732    0.5367755999996007    38720000
2400     0.013634767999974429    0.6135499510000955    46080000
2500     0.01496309000049223    0.7453163049995055    50000000
3000     0.019432936000157497    1.1387102660000892    72000000
3400     0.023966819000634132    1.5278559809994476    92480000
3500     0.0272889749994647    1.836261051999827    98000000
4000     0.0398241640004926    2.4723239599998124    128000000
4400     0.037830158000360825    3.370148858999528    154880000
4500     0.04211913099970843    4.461465146000592    162000000
5000     0.0512548449996757    5.58495356200001    200000000
7500     0.08821131400054583    21.778573662999406    450000000
10000     0.10092880499996681    35.88836093200007    800000000
1     0.034498539000196615    0.04677444599929004    8
10     5.305899958329974e-05    0.0018395800007056096    800
100     0.0023656909997953335    0.0005317610002748552    80000
1000     0.004560219000268262    0.07511710400012817    8000000
2000     0.011726048000127776    0.4342975559993647    32000000
2100     0.01086122400010936    0.4658173670004544    35280000
2200     0.013099226000122144    0.5511569170002986    38720000
2400     0.015302053000596061    0.609467364000011    46080000
2500     0.015256657000463747    0.7545777320001434    50000000
3000     0.022790219999478722    1.1572037100004309    72000000
3400     0.024102373999994597    1.5848044849999496    92480000
3500     0.02723474000049464    1.7543571539999903    98000000
4000     0.03747137499976816    2.546321507000357    128000000
4400     0.0402350269996532    3.205893051000203    154880000
4500     0.043285734000164666    3.614453926999886    162000000
5000     0.05515608799942129    4.7304782179999165    200000000
7500     0.06925923299968417    15.556588452999677    450000000
10000     0.09492007100016053    35.86166404100004    800000000
1     0.03392355400046654    0.047498441000243474    8
10     4.431600063981023e-05    0.00015039199934108183    800
100     0.00020582899924193043    0.000541785000677919    80000
1000     0.0041167649997078115    0.07332180200046423    8000000
2000     0.012149326999860932    0.4451576239998758    32000000
2100     0.011052302000280179    0.49953634699977556    35280000
2200     0.015561867999167589    0.5491528030006521    38720000
2400     0.0193411609998293    0.6101195780001945    46080000
2500     0.015899163000540284    0.7579097719999481    50000000
3000     0.02023825400010537    1.1816597879997062    72000000
3400     0.02459307200024341    1.6408855109993965    92480000
3500     0.02730692199929763    1.7634883630007607    98000000
4000     0.035136931000124605    2.4089824129996487    128000000
4400     0.03798322199963877    3.2364023059999454    154880000
4500     0.05124111599980097    3.521880923000026    162000000
5000     0.055017925999891304    4.643997253000634    200000000
7500     0.07428160600011324    15.43819243300004    450000000
10000     0.10015663699959987    36.016960834999736    800000000
1     0.034177778999946895    0.03624047300036182    8
10     5.2147999667795375e-05    0.001797202000489051    800
100     0.0018771579998428933    0.0005335790001481655    80000
1000     0.004768574000081571    0.07655765700019401    8000000
2000     0.01227674100027798    0.45720331499978784    32000000
2100     0.011110219999864057    0.48661594500026695    35280000
2200     0.012950795000506332    0.5167514119993939    38720000
2400     0.016054743000495364    0.58775740999954    46080000
2500     0.016654099999868777    0.705374020999443    50000000
3000     0.018605768000270473    1.165614511000058    72000000
3400     0.028219075000379235    1.6282649920003678    92480000
3500     0.03208551300031104    1.7272291720000794    98000000
4000     0.03530881800088537    2.5091295919992262    128000000
4400     0.04417191700031253    3.2840085279995037    154880000
4500     0.04299048200027755    3.47090007999941    162000000
5000     0.049905285999557236    4.706328728000699    200000000
7500     0.07625555799950234    16.461363135000283    450000000
10000     0.09257712899943726    34.81324796100034    800000000
1     0.033546325999850524    0.038004146000275796    8
10     4.195000019535655e-05    0.0001419179998265463    800
100     0.0001981209998120903    0.0005310060005285777    80000
1000     0.004034106000290194    0.07460126699970715    8000000
2000     0.011824107999927946    0.44172991899995395    32000000
2100     0.010944444999950065    0.47274085600020044    35280000
2200     0.014538888999595656    0.5546091420001176    38720000
2400     0.01961073700022098    0.6376308760000029    46080000
2500     0.016455032000521896    0.7240363060000163    50000000
3000     0.019240300999626925    1.144098664000012    72000000
3400     0.02969779999966704    1.6595331320004334    92480000
3500     0.03261667400056467    1.750893989999895    98000000
4000     0.03490579000026628    2.4418845129994224    128000000
4400     0.03907537200029765    3.8410996960001285    154880000
4500     0.05298446599954332    3.983138479000445    162000000
5000     0.05994027499946242    4.742696478000653    200000000
7500     0.08033341600003041    15.302198289999978    450000000
10000     0.08242362600049091    35.245334318999994    800000000
1     0.041682159000629326    0.05312463999962347    8
10     6.164000024000416e-05    0.0004125779996684287    800
100     0.0024359540002478752    0.0008606679994045408    80000
1000     0.005544458000258601    0.08427831900007732    8000000
2000     0.013543145000767254    0.5398143769998569    32000000
2100     0.01194349199977296    0.5740585760004251    35280000
2200     0.01325386400003481    0.6155664339994473    38720000
2400     0.014728190999448998    0.6282737340006861    46080000
2500     0.018026959000053466    0.7337516840007083    50000000
3000     0.01991749499939033    1.1726519660005579    72000000
3400     0.024201535999964108    1.717547738999201    92480000
3500     0.02633795299971098    1.7634264710004572    98000000
4000     0.0464063890003672    2.4868483179998293    128000000
4400     0.039733787999466585    3.2240652520004005    154880000
4500     0.048714077999648    3.524999258000207    162000000
5000     0.05489947099977144    4.7128771349998715    200000000
7500     0.0706815440007631    15.271919188999163    450000000
10000     0.08241057699979137    35.95684128399989    800000000
1     0.03458415400018566    0.04053078699962498    8
10     4.6641999688290525e-05    0.002488928999810014    800
100     0.0015293370006475016    0.0020748810002260143    80000
1000     0.00432859800002916    0.07981656300034956    8000000
2000     0.012171271000624984    0.45305429799918784    32000000
2100     0.011410480000449752    0.4713179139998829    35280000
2200     0.012885297000138962    0.5395235050000338    38720000
2400     0.014151477000268642    0.6138366029999816    46080000
2500     0.014585334999537736    0.7270704050006316    50000000
3000     0.019106204000308935    1.1110185399993497    72000000
3400     0.02414135900016845    1.578806450999764    92480000
3500     0.02743380299943965    1.7823829600001773    98000000
4000     0.03800892999970529    2.50247203500021    128000000
4400     0.042679485000007844    3.249107401999936    154880000
4500     0.04668152500016731    3.6251770660001057    162000000
5000     0.049347882999427384    4.615744898999765    200000000
7500     0.06607550999979139    15.257145513000069    450000000
10000     0.11730010500014032    35.962512862999574    800000000
1     0.037927635999949416    0.037837398999727156    8
10     4.989400076738093e-05    0.0015949569997246726    800
100     0.0002037760004895972    0.0005469589996209834    80000
1000     0.004120972000237089    0.07586764099960419    8000000
2000     0.012182667000161018    0.46114399499947467    32000000
2100     0.010597172000416322    0.4891761339995355    35280000
2200     0.012921771000037552    0.5298423579997689    38720000
2400     0.014670722000118985    0.6304262510002445    46080000
2500     0.014541407999786315    0.7354996359999859    50000000
3000     0.019628911999461707    1.1315337260002707    72000000
3400     0.023205187000712613    1.5516698769997674    92480000
3500     0.02733315700061212    1.7585140840001259    98000000
4000     0.03514813099991443    2.4962992609998764    128000000
4400     0.043042256999797246    3.280346606000421    154880000
4500     0.043718345999877783    3.5699897849999616    162000000
5000     0.05314962899956299    4.650514675000522    200000000
7500     0.07111896599963075    16.92652463200011    450000000
10000     0.08991613600028359    34.36224414699973    800000000
