1     5.369500013330253e-05    0.00014785499979552696    16
10     4.43570002062188e-05    8.836000006340328e-05    1600
100     0.0008879309998519602    0.0009966799998437637    160000
1000     0.010027105000062875    0.10948428499978036    16000000
2000     0.014424352000332874    1.055402244999641    64000000
2100     0.01674912399994355    0.9912403630000881    70560000
2200     0.017179424999994808    0.9921561830001338    77440000
2400     0.026839658999961102    1.8819595410000147    92160000
2500     0.03029386699972747    2.1599980159999177    100000000
3000     0.03857771100001628    2.9550936539999384    144000000
3400     0.04533864699988044    3.844725225000275    184960000
3500     0.04528311600006418    4.350232538    196000000
4000     0.049154634999922564    6.348041715999898    256000000
4400     0.03604003200007355    8.042168300999947    309760000
4500     0.044368099000166694    8.476094418999764    324000000
5000     0.04437476099974447    11.259178064000025    400000000
7500     0.07559774400033348    38.70019230199978    900000000
10000     0.10937986499993713    89.82949009200001    1600000000
1     0.010425978000057512    0.06863394299989523    16
10     4.893599998467835e-05    9.799999997994746e-05    1600
100     0.000292995000108931    0.0017282169997088204    160000
1000     0.003728106999915326    0.11626386599982652    16000000
2000     0.015871715999765    0.8513420600002064    64000000
2100     0.01560314699963783    0.9669530820001455    70560000
2200     0.019076450999818917    1.0465450120000241    77440000
2400     0.021766845999991347    1.7880977499999062    92160000
2500     0.025905717000114237    2.171390216999953    100000000
3000     0.03221499900018898    2.7903313880001406    144000000
3400     0.04375111800027298    3.7813510629998746    184960000
3500     0.04115502300010121    4.162612600000102    196000000
4000     0.051645241000187525    6.064598136999848    256000000
4400     0.04613316399991163    8.050546505000057    309760000
4500     0.03840264800010118    8.414065033000043    324000000
5000     0.04496633600001587    11.634240127999874    400000000
7500     0.06258934500010582    39.35516202200006    900000000
10000     0.1125625139998192    92.07375877799996    1600000000
1     0.08056228000032206    0.06740830399985498    16
10     4.527000010057236e-05    0.00012064200018357951    1600
100     0.000603710999712348    0.0006233030003386375    160000
1000     0.009915962000377476    0.17716732200005936    16000000
2000     0.01997372499999983    1.1487134520002655    64000000
2100     0.03477622700029315    1.3707402909999473    70560000
2200     0.019070309000198904    1.0895132179998654    77440000
2400     0.022319637999771658    1.4602132080003685    92160000
2500     0.023851218000345398    1.611461099999815    100000000
3000     0.0317456529996889    2.6817719850000685    144000000
3400     0.08065747899991038    3.8709003260000827    184960000
3500     0.041477506999854086    4.168561884000155    196000000
4000     0.06551183600004151    6.251755122000304    256000000
4400     0.047086275999845384    8.170242401999985    309760000
4500     0.03342227900020589    8.637550617000215    324000000
5000     0.05387381799982904    11.745878831000027    400000000
7500     0.07119794500022181    39.633724983999855    900000000
10000     0.10107970699982616    101.99208303400019    1600000000
1     0.07428361099982794    0.09335409300001629    16
10     4.0546999571233755e-05    0.00010256600035063457    1600
100     0.0017921379999279452    0.00044233900007384364    160000
1000     0.004364456000075734    0.1108433019999211    16000000
2000     0.014167258999805199    0.8572586540003613    64000000
2100     0.016329719000168552    0.9960327799999504    70560000
2200     0.019295096999940142    1.0373611770000934    77440000
2400     0.02197490899970944    1.3471622650004065    92160000
2500     0.024466263999784132    1.5710081570000511    100000000
3000     0.03853486200023326    2.688901782999892    144000000
3400     0.04989910099993722    3.972555327000009    184960000
3500     0.05058248499972251    4.265554953999981    196000000
4000     0.06086618599965732    6.234765874999994    256000000
4400     0.049062847000186594    8.000466184999823    309760000
4500     0.04531312000017351    8.711222050999822    324000000
5000     0.04930500300042695    12.965258911999626    400000000
7500     0.06525952699985282    38.33750860400005    900000000
10000     0.10393948799992359    92.53890109699978    1600000000
1     0.0812240909999673    0.14920678599992243    16
10     3.9511000068159774e-05    0.00013508599977285485    1600
100     0.00030939899988879915    0.0021119240000189166    160000
1000     0.003836312000203179    0.11242786699995122    16000000
2000     0.012831673000164301    0.8101745809999557    64000000
2100     0.01709940099999585    0.9751242849997652    70560000
2200     0.020535351000035007    1.2134116359998188    77440000
2400     0.025000418000217906    1.4040588009997919    92160000
2500     0.025099620999753824    1.5638851819999218    100000000
3000     0.03466747900029077    2.771922467999957    144000000
3400     0.08095318599998791    3.850676227999884    184960000
3500     0.051022253000155615    4.264791024999795    196000000
4000     0.05329545499989763    6.1182877350001945    256000000
4400     0.04573482600017087    8.230764421999993    309760000
4500     0.04571815000008428    9.111596531000032    324000000
5000     0.06646621400022923    12.56916546299999    400000000
7500     0.07166630800020357    38.55861654899991    900000000
10000     0.10349851499995566    91.80288156300003    1600000000
1     0.06755271800011542    0.07286023899996508    16
10     0.00010253899972667568    0.00016542699995625298    1600
100     0.0015470600001208368    0.0007540259998677357    160000
1000     0.00415015399994445    0.10643536499992479    16000000
2000     0.013518503999875975    0.7881659230001787    64000000
2100     0.017181132000132493    0.9314548589995866    70560000
2200     0.021450145000017073    1.089520339000046    77440000
2400     0.022986916999798268    1.4265037190002658    92160000
2500     0.02692238300005556    1.6321830809997664    100000000
3000     0.035621346999960224    2.675019861999772    144000000
3400     0.04334560999996029    3.778280178999921    184960000
3500     0.04810384599977624    4.251559897000334    196000000
4000     0.05605868700013161    6.187648529999933    256000000
4400     0.04368342699990535    8.128166960999806    309760000
4500     0.04360014899975795    8.53824787700023    324000000
5000     0.04669164999995701    12.585869194000225    400000000
7500     0.06896410400031527    39.42810775599992    900000000
10000     0.11698145100035617    100.18529331499985    1600000000
1     0.08151047399996969    0.14987777100031963    16
10     3.9695999930700054e-05    0.00010202099974776502    1600
100     0.0003431229997659102    0.0008233620001192321    160000
1000     0.003933501000119577    0.1051262629998746    16000000
2000     0.012671130999933666    0.7836951280000903    64000000
2100     0.01682904300014343    1.008613306999905    70560000
2200     0.028221392999967065    1.0904040489999716    77440000
2400     0.023034705000100075    1.3770977539998057    92160000
2500     0.026845930000035878    1.5140802359996997    100000000
3000     0.03520186299965644    2.661343553000279    144000000
3400     0.043800913999803015    3.916081490000124    184960000
3500     0.05001856599983512    4.262124774000313    196000000
4000     0.0527797519998785    6.124150441999973    256000000
4400     0.04645827600006669    7.917396188000112    309760000
4500     0.046085681000022305    8.555697336999856    324000000
5000     0.04632005299981756    12.088135071000124    400000000
7500     0.09132382400002825    39.046364913999696    900000000
10000     0.10462987699975201    89.94954560899987    1600000000
1     0.0700504340002226    0.10066425399963919    16
10     4.035099982502288e-05    0.00011439899981269264    1600
100     0.0013437820002764056    0.00042391599981783656    160000
1000     0.004020649999802117    0.10214898699996411    16000000
2000     0.012786211999809893    0.829237479999847    64000000
2100     0.015734536000309163    0.9030846900000142    70560000
2200     0.01900452000018049    1.0324249240002246    77440000
2400     0.02413057600006141    1.3617416399997637    92160000
2500     0.026476322000235086    1.7163958950000051    100000000
3000     0.03819114599991735    2.619060781999906    144000000
3400     0.04395536399988487    3.883707385999969    184960000
3500     0.04485569799999212    4.3938324900000225    196000000
4000     0.05971176100001685    6.210664272000031    256000000
4400     0.045355883999945945    8.006689310999718    309760000
4500     0.05729755700031092    9.260546195999723    324000000
5000     0.04938447999984419    12.202967188999992    400000000
7500     0.06282016499972087    37.92772397000044    900000000
10000     0.10385649199997715    90.09413759700055    1600000000
1     0.07564178299980995    0.12592570000015257    16
10     4.1992000660684425e-05    0.00010820999978022883    1600
100     0.0022801959994467325    0.0008333290006703464    160000
1000     0.003969665999647987    0.12132571599977382    16000000
2000     0.013322791000064171    0.7722286169992003    64000000
2100     0.016675935000421305    1.0145774699994945    70560000
2200     0.0267826099998274    1.126040386000568    77440000
2400     0.02237858300031803    1.3626037109997924    92160000
2500     0.02575514399995882    1.5170263260006323    100000000
3000     0.034679119999964314    2.692803819999426    144000000
3400     0.0427270589998443    3.754705888999524    184960000
3500     0.046434752000095614    4.239926863999244    196000000
4000     0.05523635800000193    6.2263609219999125    256000000
4400     0.04400129500027106    8.003346917999806    309760000
4500     0.04851739500008989    8.787330215999646    324000000
5000     0.05099961900032213    11.6675505409994    400000000
7500     0.06709622699963802    39.34865278399957    900000000
10000     0.10571882000022015    91.61572133199934    1600000000
1     0.07446883699958562    0.1807167840006514    16
10     3.933300013159169e-05    0.0001059219994203886    1600
100     0.0005004880003980361    0.00047431999973923666    160000
1000     0.004443114999958198    0.1035905749995436    16000000
2000     0.012529510000604205    0.805507789999865    64000000
2100     0.016817356000501604    0.9212985049998679    70560000
2200     0.022168882000187295    1.0505216949995884    77440000
2400     0.023187976000372146    1.5480473750003512    92160000
2500     0.02629859300031967    1.5604186569999001    100000000
3000     0.0326371740002287    2.6558714499997222    144000000
3400     0.04323653300070873    3.9349885839992567    184960000
3500     0.045111132999409165    4.236618996999823    196000000
4000     0.053348069000094256    7.331745403000241    256000000
4400     0.04439654900033929    12.141901441999835    309760000
4500     0.05131749999964086    12.33495743900039    324000000
5000     0.049439717000495875    11.610078973999407    400000000
7500     0.06502404500042758    38.40205093199984    900000000
10000     0.13020431000040844    90.80185507700025    1600000000
