1     2.0592000510077924e-05    0.0005678739998984383    8
10     2.6026998966699466e-05    0.0007026410003163619    800
100     0.0006762670000171056    0.0025414589999854797    80000
1000     0.008950354998887633    0.0575780470007885    8000000
2000     0.010083047000080114    0.3949084440009756    32000000
2100     0.009174857999823871    0.41092278199903376    35280000
2200     0.009712757000670535    0.43445865899957425    38720000
2400     0.02283319100024528    0.5284273620000022    46080000
2500     0.012182508000478265    0.6027708959991287    50000000
3000     0.019039760998566635    0.9225714920012251    72000000
3400     0.02198290800151881    1.3488241819995892    92480000
3500     0.02371527100149251    1.6450523479998083    98000000
4000     0.04871002199979557    2.32401369299987    128000000
4400     0.03178599199964083    3.7751190710005176    154880000
4500     0.08493064399954164    6.5939355270002125    162000000
5000     0.05262068999945768    5.255742504999944    200000000
7500     0.06429446900074254    15.140062628001033    450000000
10000     0.08947758599970257    35.495457891000115    800000000
1     0.036967636999179376    0.043621227001494844    8
10     3.712499892571941e-05    0.001782399000148871    800
100     0.0018324899992876453    0.0005193410015635891    80000
1000     0.0040455939997627866    0.08250642200073344    8000000
2000     0.013473995999447652    0.5122714850003831    32000000
2100     0.012120871000661282    0.5817898019995482    35280000
2200     0.013620854999317089    0.6042575709998346    38720000
2400     0.030152747000101954    0.683762612999999    46080000
2500     0.020819180999751552    0.7104098820000218    50000000
3000     0.018499212999813608    1.118752004000271    72000000
3400     0.02728530700005649    1.6035192330000427    92480000
3500     0.029800263999277377    1.6453936350008007    98000000
4000     0.03752399499899184    2.4170270360009454    128000000
4400     0.038033363000067766    3.0936151850000897    154880000
4500     0.04551225999966846    3.4603295719989546    162000000
5000     0.04607583500001056    4.526618365000104    200000000
7500     0.06335217600098986    14.883679634000146    450000000
10000     0.07971373699911055    35.125847341001645    800000000
1     0.03139764800107514    0.03542841099988436    8
10     3.3877999157994054e-05    0.00036498400004347786    800
100     0.0008331539993378101    0.00043009500041080173    80000
1000     0.003786633998970501    0.06778134200067143    8000000
2000     0.011809902000095462    0.4332590469985007    32000000
2100     0.011059444999773405    0.47906833599881793    35280000
2200     0.011917062000065926    0.606148745999235    38720000
2400     0.011924886999622686    0.6261363860012352    46080000
2500     0.02012451199880161    0.7078051389999018    50000000
3000     0.02373604899912607    1.10267638500045    72000000
3400     0.027604394001173205    1.5946956560001126    92480000
3500     0.025652930000433116    1.7816444000000047    98000000
4000     0.03654188499967859    2.502961170999697    128000000
4400     0.042213419001200236    3.170312054999158    154880000
4500     0.042168329999185516    3.3320190209997236    162000000
5000     0.04711601799863274    4.552136760001304    200000000
7500     0.060407083001337014    15.04163999299999    450000000
10000     0.08610949000103574    34.809573660999376    800000000
1     0.0359443060006015    0.03532479500063346    8
10     3.789200127357617e-05    0.0008449979995930335    800
100     0.0007088559996191179    0.0008728009997867048    80000
1000     0.003511757000524085    0.07272513899988553    8000000
2000     0.011911228000826668    0.4450204049990134    32000000
2100     0.011484430999189499    0.46761544800028787    35280000
2200     0.014617304999774205    0.5217838030002895    38720000
2400     0.013264548000734067    0.5991344800004299    46080000
2500     0.014250369000365026    0.7005938229995081    50000000
3000     0.02078685000014957    1.1117278790006822    72000000
3400     0.029553296999438317    1.5584380099990085    92480000
3500     0.03023534600106359    1.7447639330002858    98000000
4000     0.034179177000623895    2.620257078000577    128000000
4400     0.039691187001153594    3.1583714969983703    154880000
4500     0.03954173499914759    3.4071211800001038    162000000
5000     0.0490237949998118    4.498684748999949    200000000
7500     0.05533663399910438    15.486792597001113    450000000
10000     0.09443808299874945    35.07873666100022    800000000
1     0.028191931000037584    0.037742757000160054    8
10     4.359800004749559e-05    0.0008885930001270026    800
100     0.0003112089998467127    0.0014745499993296107    80000
1000     0.004640867999114562    0.06894655600081023    8000000
2000     0.012060037999617634    0.43838960399989446    32000000
2100     0.01330745799896249    0.47175421999963874    35280000
2200     0.011857882000185782    0.5223502560002089    38720000
2400     0.012725316000796738    0.5942254229994433    46080000
2500     0.015651592000722303    0.7102329230001487    50000000
3000     0.019271393999588327    1.1168599459997495    72000000
3400     0.026050669001051574    1.5544636960003118    92480000
3500     0.027206113998545334    1.7449960089998058    98000000
4000     0.03527565700096602    2.480424306999339    128000000
4400     0.03751398500025971    3.2223944360011956    154880000
4500     0.043918621999182506    3.585934441000063    162000000
5000     0.04441108299943153    4.594426978001138    200000000
7500     0.06524160899971321    16.162695811000958    450000000
10000     0.09621180499925686    36.161393354999745    800000000
1     0.041206932999557466    0.049784261998865986    8
10     7.197300146799535e-05    0.000946269999985816    800
100     0.0004537029999482911    0.002829058999850531    80000
1000     0.004728210999019211    0.08063874800063786    8000000
2000     0.013181857000745367    0.5260143309988052    32000000
2100     0.01580549800019071    0.5732076639997103    35280000
2200     0.015253354999003932    0.6298111810010596    38720000
2400     0.01844705400071689    0.7948152129993105    46080000
2500     0.018955907000417938    0.9405800009990344    50000000
3000     0.02539808800065657    1.5188274349984567    72000000
3400     0.03412007400038419    1.8321905929988134    92480000
3500     0.026457697998921503    1.7285722819997318    98000000
4000     0.03937498699997377    3.209054933999141    128000000
4400     0.04789043100026902    3.365404268999555    154880000
4500     0.0424427010002546    4.478366391998861    162000000
5000     0.06370384600086254    6.571330607999698    200000000
7500     0.0889706190009747    18.96181572599926    450000000
10000     0.09375158900002134    35.417970538999725    800000000
1     0.03161792900027649    0.039292655999815906    8
10     4.27330014645122e-05    0.0017253999994863989    800
100     0.0014843570006632945    0.0004153539994149469    80000
1000     0.004603498000506079    0.07209709599919734    8000000
2000     0.011955231000683852    0.4375518019987794    32000000
2100     0.010859861000426463    0.46355097299965564    35280000
2200     0.012154726000517257    0.5192398599992885    38720000
2400     0.015746450000733603    0.599416637000104    46080000
2500     0.01629821499955142    0.7082328460001008    50000000
3000     0.019568712999898707    1.114714235000065    72000000
3400     0.025594349001039518    1.6198021449999942    92480000
3500     0.03505482800028403    1.6896670950009138    98000000
4000     0.03249740700084658    2.462591136998526    128000000
4400     0.0438016999996762    3.354949136999494    154880000
4500     0.039770672001395724    3.5746931099984067    162000000
5000     0.05463296400012041    4.836653394999303    200000000
7500     0.0628444940011832    14.974108300999433    450000000
10000     0.09749576700050966    35.63510347299962    800000000
1     0.03301166599885619    0.03772397500142688    8
10     4.356300087238196e-05    0.00028525599918793887    800
100     0.0003215299984731246    0.0005211860006966162    80000
1000     0.004194010998617159    0.07485401600024488    8000000
2000     0.012122253001507488    0.4471995789990615    32000000
2100     0.011283750000075088    0.4820860489999177    35280000
2200     0.011930644001040491    0.589933702000053    38720000
2400     0.024793041000521043    1.3810435169998527    46080000
2500     0.027144173000124283    1.151747019999675    50000000
3000     0.026814433998879394    1.689639119000276    72000000
3400     0.03641375900042476    2.107153187000222    92480000
3500     0.03498798999862629    2.1558786330006114    98000000
4000     0.03376516800017271    2.5158372679998138    128000000
4400     0.043266634000246995    3.1797304859992437    154880000
4500     0.052483207000477705    3.524258141000246    162000000
5000     0.055322551999779535    4.631998839999142    200000000
7500     0.06699335099983728    16.175781940999514    450000000
10000     0.10268935400017654    34.57758136699886    800000000
1     0.035332036000909284    0.035825144999762415    8
10     4.300699947634712e-05    0.0003020790009031771    800
100     0.00020475199926295318    0.0005160410000826232    80000
1000     0.0040216130000771955    0.07336628300072334    8000000
2000     0.012117797999962931    0.4421849709997332    32000000
2100     0.01121258700004546    0.4739281660004053    35280000
2200     0.01266887199926714    0.5449274469992815    38720000
2400     0.013473357999828295    0.6029215269991255    46080000
2500     0.01487857900065137    0.7324658219986304    50000000
3000     0.020186320998618612    1.1828336210000998    72000000
3400     0.02655740299996978    1.5944374200007587    92480000
3500     0.027266009001323255    1.7826070779992733    98000000
4000     0.040313898000022164    2.503420607999942    128000000
4400     0.039619900000616326    3.3106270709995442    154880000
4500     0.04422778899970581    3.4650047610011825    162000000
5000     0.05336910499863734    5.328637018999871    200000000
7500     0.09077857599913841    15.31522956200024    450000000
10000     0.10314000300058979    34.31133421599952    800000000
1     0.04944894800064503    0.041200003999620094    8
10     4.317099956097081e-05    0.0018521519996284042    800
100     0.0020831199999520322    0.000517442998898332    80000
1000     0.006369528000504943    0.07312901399927796    8000000
2000     0.012247208000189858    0.6137470470002881    32000000
2100     0.017790096000680933    0.6760553330004768    35280000
2200     0.013284667998959776    0.5621253810004418    38720000
2400     0.013982352998937131    0.600356325001485    46080000
2500     0.014422430000195163    0.7029647159997694    50000000
3000     0.019109058999674744    1.1574190530009218    72000000
3400     0.02702263299943297    1.6037215680007648    92480000
3500     0.027400625000154832    1.6825877259998379    98000000
4000     0.03434515199842281    3.504921659001411    128000000
4400     0.05835863399988739    3.2846606679995602    154880000
4500     0.039072141000360716    3.301358553000682    162000000
5000     0.04598931900000025    5.000600925000981    200000000
7500     0.0697792089995346    14.941669891999481    450000000
10000     0.09522610299973167    37.13415236699984    800000000
