1     2.830800076480955e-05    0.0001237459982803557    16
10     2.587899871286936e-05    0.0024841869999363553    1600
100     0.0014612649993068771    0.0005090369995741639    160000
1000     0.005267051001283107    0.10669408099965949    16000000
2000     0.01584183600061806    0.6018060589995002    64000000
2100     0.020348923999335966    0.8368258299997251    70560000
2200     0.028639221000048565    0.9360705309991317    77440000
2400     0.020490880000579637    0.9599801419990399    92160000
2500     0.022382326998922508    1.27127196299989    100000000
3000     0.027027915999497054    2.0423483550002857    144000000
3400     0.03098360900003172    3.0960385270009283    184960000
3500     0.045458594999217894    3.370308007000858    196000000
4000     0.039167525999801    4.796972592999737    256000000
4400     0.04252675600037037    6.514576239000235    309760000
4500     0.04694885400022031    6.952530004000437    324000000
5000     0.05522926499907044    10.669415854001272    400000000
7500     0.06876176100013254    38.81953749799868    900000000
10000     0.22566853900025308    72.50365010399946    1600000000
1     0.0783363440004905    0.07066541899985168    16
10     4.411800000525545e-05    0.000215871999898809    1600
100     0.0003917300000466639    0.004681364998759818    160000
1000     0.010364581999965594    0.1337478919995192    16000000
2000     0.03445694500078389    0.7163234409999859    64000000
2100     0.019748552000237396    0.8310524009993969    70560000
2200     0.021204431999649387    0.922126000001299    77440000
2400     0.024600258000646136    1.056856434999645    92160000
2500     0.04842157300117833    1.308956038999895    100000000
3000     0.06666874100119458    2.7431315739995625    144000000
3400     0.0677350709993334    3.3293238339992968    184960000
3500     0.06132617599905643    3.2318869730006554    196000000
4000     0.07441901699894515    4.751832814001318    256000000
4400     0.04668840900012583    6.357798647999516    309760000
4500     0.0505041340002208    6.805462168998929    324000000
5000     0.05762500700075179    10.225212337998528    400000000
7500     0.08093676899989077    35.823615540999526    900000000
10000     0.15237003699985507    73.94989912300116    1600000000
1     0.07548587099881843    0.0632755080005154    16
10     4.331700074544642e-05    0.0001302559994655894    1600
100     0.00047900199933792464    0.0005555490006372565    160000
1000     0.005254753999906825    0.12908093700025347    16000000
2000     0.017122582999945735    0.7083601930007717    64000000
2100     0.01757869199900597    0.8705164700004389    70560000
2200     0.024040881000473746    0.9268376309992163    77440000
2400     0.02492524300032528    1.0515752999999677    92160000
2500     0.02972966500055918    1.2888056930005405    100000000
3000     0.04394949499874201    2.15543554100077    144000000
3400     0.08046866199947544    2.9749054620006063    184960000
3500     0.05956531000083487    3.2560111719994893    196000000
4000     0.09218624099958106    4.907848286999069    256000000
4400     0.04889178299890773    6.322077278000506    309760000
4500     0.053533735999735654    8.032324333998986    324000000
5000     0.05612884999936796    9.099698126001385    400000000
7500     0.0747206490013923    29.935354367999025    900000000
10000     0.11714744699929724    69.9055028010007    1600000000
1     0.06820052900002338    0.06457469999986643    16
10     4.126100066059735e-05    0.00012908899952890351    1600
100     0.00019871599943144247    0.0005848910004715435    160000
1000     0.004742069999338128    0.13261065500046243    16000000
2000     0.03395558099873597    0.7229461630013247    64000000
2100     0.034081918998708716    0.770357845000035    70560000
2200     0.021223473000645754    0.9017149829996924    77440000
2400     0.023613958999703755    1.0747375179998926    92160000
2500     0.04896546999952989    1.2759765110004082    100000000
3000     0.03517818799991801    2.5728345869993063    144000000
3400     0.08066343700011203    3.525097669000388    184960000
3500     0.04943539700070687    3.2272228990004805    196000000
4000     0.059682114000679576    4.735980426999959    256000000
4400     0.05033337799977744    6.313774350999665    309760000
4500     0.046831818001010106    7.003074992999245    324000000
5000     0.05410136399950716    9.16844060800031    400000000
7500     0.07152109799972095    30.93706724600088    900000000
10000     0.1098417060002248    69.22651736099942    1600000000
1     0.07119789700118417    0.06422402799944393    16
10     4.1852999856928363e-05    0.0001281770000787219    1600
100     0.00020534100076474715    0.0005631959993479541    160000
1000     0.0047168889996100916    0.129358793999927    16000000
2000     0.017187772999022854    0.6837471510007163    64000000
2100     0.020035983001434943    0.7943911349993868    70560000
2200     0.019982017000074848    0.9112386130000232    77440000
2400     0.02509190799901262    1.034095740000339    92160000
2500     0.028996656999879633    1.4800145930003055    100000000
3000     0.038295644999379874    2.1647708030013746    144000000
3400     0.04738332799934142    2.958799142999851    184960000
3500     0.047525415999189136    3.35015949100125    196000000
4000     0.05466501899900322    4.807667577000757    256000000
4400     0.056872359000408323    6.375402831999963    309760000
4500     0.04542662099993322    6.850335917999473    324000000
5000     0.05338422200111381    9.285699996999028    400000000
7500     0.0748308710008132    30.97671978299877    900000000
10000     0.14544651300093392    70.11132838399863    1600000000
1     0.062087627999062533    0.08392442300100811    16
10     5.14069997734623e-05    0.0001454900011594873    1600
100     0.000537761001396575    0.004167903998677502    160000
1000     0.004954043000907404    0.12749724300010712    16000000
2000     0.016804890999992494    0.6685256620003202    64000000
2100     0.023449741000149515    0.8225704209999094    70560000
2200     0.019878469000104815    0.9099914469989017    77440000
2400     0.02244769400022051    1.0729035029999068    92160000
2500     0.025438041000597877    1.266041447999669    100000000
3000     0.03291095100030361    2.020538314998703    144000000
3400     0.04691485299917986    2.922873937000986    184960000
3500     0.05067256899928907    3.2948033940010646    196000000
4000     0.07373892999930831    4.8423215149996395    256000000
4400     0.043763641000623466    6.292584404000081    309760000
4500     0.044400194001354976    6.893094741999448    324000000
5000     0.04822335900098551    9.157845501000338    400000000
7500     0.06747556200025429    30.678920852000374    900000000
10000     0.11193808699863439    76.2739555040007    1600000000
1     0.06521325600078853    0.07787103400005435    16
10     5.6287999541382305e-05    0.0023170060012489557    1600
100     0.0023855360013840254    0.0006560519996128278    160000
1000     0.005459498999698553    0.1504521469996689    16000000
2000     0.018453630000294652    0.6604804819999117    64000000
2100     0.016825881000841036    0.7884248639984435    70560000
2200     0.019481043000268983    0.9320260389995383    77440000
2400     0.021571797000433435    1.0861135839986673    92160000
2500     0.02548752000075183    1.2887855600001785    100000000
3000     0.05505093000101624    2.063679949998914    144000000
3400     0.044368869999743765    2.9652527030011697    184960000
3500     0.045563268000478274    3.2238513809988945    196000000
4000     0.0680202180010383    4.726751107999007    256000000
4400     0.04282197000065935    6.471935772999132    309760000
4500     0.04565159200137714    7.861871903000065    324000000
5000     0.04256872000041767    8.93909977200019    400000000
7500     0.0767668059997959    30.70937675999994    900000000
10000     0.10948352000013983    67.79280815099992    1600000000
1     0.06365777799874195    0.07278290700014622    16
10     4.3373000153223984e-05    0.00013122899872541893    1600
100     0.0008226859990827506    0.0005678380002791528    160000
1000     0.004924236000078963    0.1262630880009965    16000000
2000     0.01690213800065976    0.6928657429998566    64000000
2100     0.01888821300053678    0.8665148630007025    70560000
2200     0.020393552998939413    0.9968132960002549    77440000
2400     0.022062951000407338    1.0801071130008495    92160000
2500     0.025727800999447936    1.2949645120006608    100000000
3000     0.03393999600120878    2.257532394000009    144000000
3400     0.05394877400067344    4.5321475849996204    184960000
3500     0.05171969599905424    3.914527546001409    196000000
4000     0.06215384200004337    5.332139865999125    256000000
4400     0.046534446999430656    6.430576497999937    309760000
4500     0.044612030000280356    7.978010790999178    324000000
5000     0.05173964700043143    9.073587889999544    400000000
7500     0.07827623599951039    30.401377300000604    900000000
10000     0.10914516499906313    69.5633691510011    1600000000
1     0.06011573999967368    0.07422562499959895    16
10     4.608799827110488e-05    0.0003528850011207396    1600
100     0.000212306000321405    0.0005800210001325468    160000
1000     0.00487465600053838    0.1257174339989433    16000000
2000     0.019833567001114716    0.669512720000057    64000000
2100     0.030294741000034264    0.8096425920011825    70560000
2200     0.023385571999824606    0.9053103440000996    77440000
2400     0.022344289000102435    1.0416092060004303    92160000
2500     0.025986745000409428    1.3871002340001723    100000000
3000     0.03612220200011507    2.280838259999655    144000000
3400     0.054397407999204006    3.8026038660009363    184960000
3500     0.04559375899953011    3.2958846490000724    196000000
4000     0.06302125700131    4.853719484999601    256000000
4400     0.0511837789999845    6.327394140000251    309760000
4500     0.051670788998308126    7.2175525940001535    324000000
5000     0.05234065300101065    9.258442792999631    400000000
7500     0.07284227600030135    31.070981521999784    900000000
10000     0.10383415000069363    71.85862262800038    1600000000
1     0.0626754790009727    0.0753357479989063    16
10     4.2470999687793665e-05    0.0001306470003328286    1600
100     0.0003273470010753954    0.0007419369994750014    160000
1000     0.005471696000313386    0.14865241199913726    16000000
2000     0.034218196000438184    0.6603654169994115    64000000
2100     0.017158524000478792    0.8273064010008966    70560000
2200     0.019486417000734946    0.9355004909994022    77440000
2400     0.02581374399960623    1.102415930999996    92160000
2500     0.023848656001064228    1.3034579019986268    100000000
3000     0.032849153998540714    2.0937233790009486    144000000
3400     0.04627153500041459    3.0059798919992318    184960000
3500     0.052426476000619004    3.2648417639993568    196000000
4000     0.05776439300097991    4.7562059789997875    256000000
4400     0.055554779999511084    6.320848871000635    309760000
4500     0.04389295799956017    6.761812384998848    324000000
5000     0.053138821000175085    9.292356545000075    400000000
7500     0.07226479900054983    31.367459617998975    900000000
10000     0.09154313299950445    77.6029766770007    1600000000
