1     5.4875999921932817e-05    0.0008510200023010839    24
10     0.00011891200119862333    0.0008784570018178783    2400
100     0.0018220620004285593    0.0007431240010191686    240000
1000     0.012628642998606665    0.11469909999868833    24000000
2000     0.038018858002033085    0.7308620219992008    96000000
2100     0.05040094500145642    0.8290210159975686    105840000
2200     0.04095821800001431    0.9206478050000442    116160000
2400     0.06188414400094189    1.0363562220009044    138240000
2500     0.049967761002335465    1.5335936289993697    150000000
3000     0.07297434700012673    3.398110132999136    216000000
3400     0.05868387100053951    3.3378556780007784    277440000
3500     0.06695943299928331    3.741751066998404    294000000
4000     0.06532046899883426    5.115568942001119    384000000
4400     0.07842077199893538    6.7004268700002285    464640000
4500     0.0836185279986239    7.028638128002058    486000000
5000     0.08673743100007414    10.146481930001755    600000000
7500     0.1149217630008934    32.4923603999996    1350000000
10000     0.17738045299847727    73.58216326600086    2400000000
1     0.14530168900091667    0.05900981300146668    24
10     7.920300049590878e-05    0.00018901899966294877    2400
100     0.001392877002217574    0.0005061550000391435    240000
1000     0.011755740000808146    0.13526114900014363    24000000
2000     0.04097775099944556    0.7514825130019744    96000000
2100     0.04205277499931981    0.859268427000643    105840000
2200     0.07550616899970919    1.0112079930004256    116160000
2400     0.048360577999119414    1.1094944050018967    138240000
2500     0.06396157500057598    1.4052323940013594    150000000
3000     0.04901725300078397    2.214028327998676    216000000
3400     0.04789209600130562    3.1562487359988154    277440000
3500     0.05142570499810972    3.4379176490001555    294000000
4000     0.06177797399868723    4.953982126000483    384000000
4400     0.06538201800140087    6.809721020999859    464640000
4500     0.06857051000042702    7.219037466998998    486000000
5000     0.09777986699918984    9.849113021002267    600000000
7500     0.11711146899688174    30.592035744000896    1350000000
10000     0.16316246499991394    83.08290613999998    2400000000
1     0.2229616000004171    0.11448824299804983    24
10     0.0002100060009979643    0.0016850889987836126    2400
100     0.003099794001172995    0.004824738000024809    240000
1000     0.027650590000121156    0.1866338670006371    24000000
2000     0.0475652489985805    0.9380997230000503    96000000
2100     0.0704187549999915    0.9189178390006418    105840000
2200     0.056751096999505535    1.0338296840018302    116160000
2400     0.06622810199769447    1.7126496470009442    138240000
2500     0.09219485200083    2.0485975199990207    150000000
3000     0.07044398799916962    3.7559270019992255    216000000
3400     0.05624890199760557    3.3970044490015425    277440000
3500     0.054794460000266554    3.6395780610000656    294000000
4000     0.0646218259971647    5.415791291001369    384000000
4400     0.0818829329982691    7.664229491998412    464640000
4500     0.07310491099997307    7.151867623000726    486000000
5000     0.0920521190018917    11.103945328999544    600000000
7500     0.128316938997159    45.30272759299987    1350000000
10000     0.1971389319987793    76.89171381000051    2400000000
1     0.12808624399986002    0.07451954199859756    24
10     0.0007794249977450818    0.00028312799986451864    2400
100     0.0006684450017928611    0.0008161000005202368    240000
1000     0.026188652002019808    0.1421453160000965    24000000
2000     0.04973757599873352    0.8031683509980212    96000000
2100     0.04819731799943838    0.8070334539988835    105840000
2200     0.044156919000670314    1.1751520469988463    116160000
2400     0.06411147600010736    1.4845202929973311    138240000
2500     0.07700782200117828    1.6830954199976986    150000000
3000     0.05194828899766435    2.1818529890006175    216000000
3400     0.05540810699676513    3.2605297150003025    277440000
3500     0.05582457700074883    3.479681378998066    294000000
4000     0.06814244699853589    5.0344191000003775    384000000
4400     0.08259088100021472    6.621181209997303    464640000
4500     0.08464649799861945    6.986156007998943    486000000
5000     0.09024741500252276    9.467153066998435    600000000
7500     0.12163558899919735    31.013425846002065    1350000000
10000     0.17168874300114112    73.10117778600033    2400000000
1     0.13436667700079852    0.0728688310009602    24
10     0.00013478499749908224    0.0003818500008492265    2400
100     0.0012422549989423715    0.0018334529995627236    240000
1000     0.01478156400116859    0.12862430699897232    24000000
2000     0.040040879997832235    0.7107966860021406    96000000
2100     0.039682069000264164    0.8756252899984247    105840000
2200     0.043585346997133456    0.9180672450020211    116160000
2400     0.06450799600133905    1.095462335000775    138240000
2500     0.05365103499934776    1.3004558459979307    150000000
3000     0.04878624400225817    2.281456803997571    216000000
3400     0.057369114998437    3.1401689810008975    277440000
3500     0.06187534400305594    3.566290321999986    294000000
4000     0.06853015900196624    4.931634557997313    384000000
4400     0.07784211699981824    6.562380603998463    464640000
4500     0.10518391799996607    7.157165666001674    486000000
5000     0.0866964340020786    9.449239591998776    600000000
7500     0.14097513100205106    36.85122882599899    1350000000
10000     0.25566940499993507    77.2332683809982    2400000000
1     0.14909658800024772    0.07525978500052588    24
10     0.00021734100300818682    0.00017374299932271242    2400
100     0.0010063519985124003    0.0006196860013005789    240000
1000     0.01489202399898204    0.13232978299856768    24000000
2000     0.04279045699877315    0.7068608779991337    96000000
2100     0.04157750699960161    0.8329034099988348    105840000
2200     0.04145738000079291    1.0877369759982685    116160000
2400     0.06840322499920148    1.7450553859998763    138240000
2500     0.08225010000023758    1.4147785480017774    150000000
3000     0.046957069000200136    2.3159999449999304    216000000
3400     0.060517768000863725    3.1801399430005404    277440000
3500     0.06900685599975986    3.6036482800009253    294000000
4000     0.06701898399842321    5.323552331999963    384000000
4400     0.07535205500244047    8.185051814998587    464640000
4500     0.09281555500274408    8.021175594996748    486000000
5000     0.09353777100113803    10.81453446299929    600000000
7500     0.17324361400096677    33.93471175299783    1350000000
10000     0.3928563929985103    80.70452908700099    2400000000
1     0.1391650709992973    0.07424625299972831    24
10     0.0008900749999156687    0.0001296679984079674    2400
100     0.0008046079965424724    0.0006087430010666139    240000
1000     0.014776961997995386    0.13320452100015245    24000000
2000     0.04406372899757116    0.7718271770027059    96000000
2100     0.0551847610004188    0.8817524660007621    105840000
2200     0.04619141100192792    0.9809399449986813    116160000
2400     0.06000164500073879    1.4756305989976681    138240000
2500     0.05724308600110817    1.421887679000065    150000000
3000     0.049089636999269715    2.627125289000105    216000000
3400     0.07069307599886088    3.518371499998466    277440000
3500     0.11682837999978801    6.213127764996898    294000000
4000     0.07373146600002656    8.529721925002377    384000000
4400     0.12569638299828512    10.989572202001    464640000
4500     0.14716086099724635    9.952604460999282    486000000
5000     0.0887215600014315    9.830931402000715    600000000
7500     0.1449926620007318    37.98188371500146    1350000000
10000     0.23938552499748766    91.0394348660011    2400000000
1     0.1150262359988119    0.07416925200232072    24
10     0.00017606300025363453    0.001105268998799147    2400
100     0.0033264670018979814    0.003954979998525232    240000
1000     0.015000277999206446    0.13961707099952037    24000000
2000     0.04367582399936509    0.7183160070017038    96000000
2100     0.04186524499891675    0.9328031779987214    105840000
2200     0.05369259100189083    1.0129184779980278    116160000
2400     0.05263812799967127    1.1592430679993413    138240000
2500     0.05888121899988619    1.8220411350012    150000000
3000     0.06989067799804616    2.8846246540015272    216000000
3400     0.051363955997658195    3.3406959460007783    277440000
3500     0.06054216700067627    3.6298373509998783    294000000
4000     0.0791809039983491    5.277707691002433    384000000
4400     0.07978799100237666    6.871389624997391    464640000
4500     0.08601823099888861    9.667675504999352    486000000
5000     0.10132780200001434    11.742686997000419    600000000
7500     0.15906801799792447    46.266546439001104    1350000000
10000     0.26562380000177654    84.8554656089982    2400000000
1     0.14650175600036164    0.07362242199815228    24
10     0.000431021999247605    0.00040441799865220673    2400
100     0.006028544001310365    0.0006757139999535866    240000
1000     0.024144749997503823    0.13877038400096353    24000000
2000     0.04923248400154989    0.8178985339982319    96000000
2100     0.09344947100180434    0.9538985670005786    105840000
2200     0.10512727400055155    1.328263880997838    116160000
2400     0.08747804300219286    1.528403669999534    138240000
2500     0.07530064100137679    1.7669946249989152    150000000
3000     0.05529236599977594    2.3181302979974134    216000000
3400     0.05557334200057085    3.310760552998545    277440000
3500     0.06441077700219466    3.60100675799913    294000000
4000     0.07612160899952869    5.302323982999951    384000000
4400     0.08281252400047379    6.9539330289990176    464640000
4500     0.0945051800008514    7.838331193997874    486000000
5000     0.10018726600173977    9.991656422000233    600000000
7500     0.1385962060012389    32.97556944099779    1350000000
10000     0.22508470799948554    77.53079899099976    2400000000
1     0.1624265699974785    0.07955327600211604    24
10     0.00017353099974570796    0.0006295239982136991    2400
100     0.0009104359996854328    0.002043536998826312    240000
1000     0.017147233000287088    0.1484393339997041    24000000
2000     0.047074976999283535    0.6942118410006515    96000000
2100     0.044149480996566126    0.8753644780008472    105840000
2200     0.05393670000194106    1.0069124909969105    116160000
2400     0.0552145740002743    1.127028431998042    138240000
2500     0.056182233998697484    1.349307188000239    150000000
3000     0.05135083200002555    2.3578798810012813    216000000
3400     0.0623926059997757    3.255788473001303    277440000
3500     0.05746288100272068    3.5105787119973684    294000000
4000     0.06949037999947905    5.489442142999906    384000000
4400     0.07646609199946397    9.606882947999111    464640000
4500     0.08355815300092218    8.539325174999249    486000000
5000     0.08287542900143308    9.844303792000574    600000000
7500     0.14287935600077617    31.755731124001613    1350000000
10000     0.20865525399858598    85.15311422499872    2400000000
