1     3.110000034212135e-05    0.0014297259986051358    6
10     2.442199911456555e-05    7.967000055941753e-05    600
100     0.003600086000005831    0.0008301769994432107    60000
1000     0.005137314999956288    0.0559780839994346    6000000
2000     0.007570945999759715    0.3957189160009875    24000000
2100     0.018976555000335793    0.435510453000461    26460000
2200     0.01046791699991445    0.5882554200015875    29040000
2400     0.00844154300102673    0.534707515998889    34560000
2500     0.008243840999057284    0.6294237410002097    37500000
3000     0.01091801199982001    0.9921607880005467    54000000
3400     0.013320161999217817    1.551535253000111    69360000
3500     0.013335869000002276    1.3887432960000297    73500000
4000     0.016800039000372635    2.180797020000682    96000000
4400     0.02139537600123731    2.8361306070000865    116160000
4500     0.022417051000957144    3.2276321739991545    121500000
5000     0.023710355000730488    4.41264745800072    150000000
7500     0.05491671900017536    14.57298591000108    337500000
10000     0.07670200999928056    35.528678827000476    600000000
1     0.02364486499936902    0.03446852600063721    6
10     3.718699917953927e-05    0.0007014100010565016    600
100     0.0009006159998534713    0.0038920189999771537    60000
1000     0.003801850001764251    0.0800660209988564    6000000
2000     0.01072824299990316    0.5083238719998917    24000000
2100     0.007269558000189136    0.5515940360000968    26460000
2200     0.011928172998523223    0.6327993180002522    29040000
2400     0.013194362998547149    0.7756960600017919    34560000
2500     0.013392273000135901    0.8953158500007703    37500000
3000     0.015601137998601189    1.4948294710011396    54000000
3400     0.020433636998859583    2.0770706450002763    69360000
3500     0.022081077000621008    2.296214304999012    73500000
4000     0.026837270999749308    3.271466304000569    96000000
4400     0.030625597999460297    3.438121504999799    116160000
4500     0.023762083001201972    3.231734544999199    121500000
5000     0.03121697300048254    4.528522761998829    150000000
7500     0.05683149499964202    14.229492360000222    337500000
10000     0.0751917229990795    33.72767738600123    600000000
1     0.01663017899954866    0.03393756100012979    6
10     7.461099994543474e-05    0.0003926959998352686    600
100     0.0011160470003233058    0.0007591609992232407    60000
1000     0.003263407999838819    0.06461133100128791    6000000
2000     0.01044566800010216    0.42896635299985064    24000000
2100     0.00854746099867043    0.44630278600016027    26460000
2200     0.00790508199861506    0.5015769030014781    29040000
2400     0.009507251001195982    0.6111173829995096    34560000
2500     0.009691794999525882    0.68245645999923    37500000
3000     0.013177409000491025    1.1215017279992026    54000000
3400     0.014359335000335705    1.514892040999257    69360000
3500     0.01500278999992588    1.6232482110008277    73500000
4000     0.019629451000582776    3.0124671350004064    96000000
4400     0.026133592999030952    3.045359286999883    116160000
4500     0.024268634000691236    3.4072076760003256    121500000
5000     0.02536361500096973    4.56054089600002    150000000
7500     0.056754680999802076    15.526317862999349    337500000
10000     0.0789047260004736    33.276696150000134    600000000
1     0.01783584599979804    0.030281037999884575    6
10     3.6157000067760237e-05    0.00013084700003673788    600
100     0.000854188998346217    0.0004505560009420151    60000
1000     0.0030470729998341994    0.06742156400105159    6000000
2000     0.009508578999884776    0.4312854889994924    24000000
2100     0.00702188200011733    0.44975425700067717    26460000
2200     0.009017340000355034    0.6111250760004623    29040000
2400     0.009224625000570086    0.5844053130003886    34560000
2500     0.009815616998821497    0.6995547200003784    37500000
3000     0.012108160000934731    1.1048174150000705    54000000
3400     0.014694113000587095    1.534498483999414    69360000
3500     0.015445675999217201    1.6709430430000793    73500000
4000     0.01921491299981426    2.477580274999127    96000000
4400     0.023197267999421456    3.0354465239997808    116160000
4500     0.027709959000276285    3.405854332000672    121500000
5000     0.028482396999606863    4.511855908000143    150000000
7500     0.05645222699968144    15.859034935001546    337500000
10000     0.07320094799979415    33.69662864199927    600000000
1     0.015389657000923762    0.03013527700022678    6
10     3.891199958161451e-05    0.0014342260001285467    600
100     0.0002596539998194203    0.0004418070002429886    60000
1000     0.00311669599977904    0.06595272199956526    6000000
2000     0.010033223999926122    0.42497139800070727    24000000
2100     0.007028209998679813    0.5088669209999352    26460000
2200     0.0076585899987549055    0.5041754520007089    29040000
2400     0.010603878999972949    0.5741569879992312    34560000
2500     0.00937984199845232    0.7067182589998993    37500000
3000     0.01258587099982833    1.1040647659992828    54000000
3400     0.014654152999355574    1.5598745370007236    69360000
3500     0.018443897999532055    1.6889642139994976    73500000
4000     0.019446382000751328    2.3694559920004394    96000000
4400     0.022121998999864445    3.6777706289994967    116160000
4500     0.03434897599981923    3.7276429279991135    121500000
5000     0.027393384001697996    4.5171829699993395    150000000
7500     0.060940561999814236    14.940214332000323    337500000
10000     0.07800214500093716    33.84596973999942    600000000
1     0.018754905000605504    0.03404877399952966    6
10     4.267700023774523e-05    0.00014240800010156818    600
100     0.00018629300029715523    0.0005246529999567429    60000
1000     0.003564852000636165    0.06494763499904366    6000000
2000     0.008234279001044342    0.42307996199997433    24000000
2100     0.006890504000693909    0.44519251600104326    26460000
2200     0.0080264400003216    0.5542159489996266    29040000
2400     0.015392469000289566    0.8712156189994857    34560000
2500     0.01572135199967306    0.9145988899999793    37500000
3000     0.013278628999614739    1.4727508840005612    54000000
3400     0.020565942000757786    1.5892261879998841    69360000
3500     0.01876509399880888    1.7590621790004661    73500000
4000     0.023127333999582333    2.4049964109999564    96000000
4400     0.023622323000381584    3.1237014130001626    116160000
4500     0.024033547999351867    3.4187529040009395    121500000
5000     0.02726974700090068    4.639676003000204    150000000
7500     0.050982429000214324    14.677461693998339    337500000
10000     0.07515105399943423    37.378130860000965    600000000
1     0.018650291000085417    0.03765421800017066    6
10     5.0614000429050066e-05    0.00040844399882189464    600
100     0.00021887100047024433    0.001992958999835537    60000
1000     0.004190149998976267    0.06947372900140181    6000000
2000     0.009610285000235308    0.44064499299929594    24000000
2100     0.008984596001027967    0.5423782919988298    26460000
2200     0.007830339000065578    0.6090973040008976    29040000
2400     0.00913946899891016    0.6482851170003414    34560000
2500     0.01107416699960595    0.7171960120012955    37500000
3000     0.013727404999372084    1.1134997220015066    54000000
3400     0.015471674998480012    1.6792466030001378    69360000
3500     0.01630791500065243    1.7694896239991067    73500000
4000     0.01926207200085628    2.5161963800001104    96000000
4400     0.025352990998726455    3.136950866999541    116160000
4500     0.025780862999454257    3.4641134180001245    121500000
5000     0.029125186998498975    4.569871705001788    150000000
7500     0.06243182400066871    14.73130685599972    337500000
10000     0.09398330000112765    35.02087490899976    600000000
1     0.015121778998945956    0.030717756000740337    6
10     3.6659001125372015e-05    0.0001326609999523498    600
100     0.00015706900012446567    0.0004535000007308554    60000
1000     0.003241850999984308    0.06570233599995845    6000000
2000     0.00965454899960605    0.4350357509993046    24000000
2100     0.007220945999506512    0.4590256980009144    26460000
2200     0.009616916999220848    0.5101929900010873    29040000
2400     0.008783709999988787    0.6111910399995395    34560000
2500     0.01104291000046942    0.6988435490002303    37500000
3000     0.012463045999538735    1.108565541999269    54000000
3400     0.016400169999542413    1.5298421420011437    69360000
3500     0.016022195000914508    1.7214796479984216    73500000
4000     0.02109123899936094    2.4730197859989858    96000000
4400     0.025465378001172212    3.1840879840001435    116160000
4500     0.028701430001092376    3.4044694579988573    121500000
5000     0.03483946999949694    4.549113507999209    150000000
7500     0.053196576998743694    15.935571120000532    337500000
10000     0.09927698799947393    34.18046162800056    600000000
1     0.02144296999904327    0.036107816000367166    6
10     4.6204999307519756e-05    0.00037300300027709454    600
100     0.0005811089995404473    0.0005512120005732868    60000
1000     0.003842097999950056    0.07288767199861468    6000000
2000     0.009895084000163479    0.4329871120007738    24000000
2100     0.007132771999749821    0.4578919930008851    26460000
2200     0.007852816001104657    0.5799129419992823    29040000
2400     0.008901200999389403    0.5821258249998209    34560000
2500     0.009886923000522074    0.7114316860006511    37500000
3000     0.014637302998380619    1.1492478079999273    54000000
3400     0.016196889000639203    1.5726369759995578    69360000
3500     0.01526048699997773    1.714745524999671    73500000
4000     0.01979777999986254    2.4266883970012714    96000000
4400     0.02213077499982319    3.159004115999778    116160000
4500     0.03289991400015424    3.3460565519999363    121500000
5000     0.030840887000522343    4.551390996000919    150000000
7500     0.06420131999948353    15.7357262860005    337500000
10000     0.09188845099924947    34.48568222299946    600000000
1     0.017129987001681002    0.03382684899952437    6
10     4.162599907431286e-05    0.0017095809998863842    600
100     0.001937220000399975    0.0008335830007126788    60000
1000     0.0036011669999425067    0.0619797950002976    6000000
2000     0.010050634999061003    0.4304287970007863    24000000
2100     0.00757486099973903    0.453441641999234    26460000
2200     0.009311114999945858    0.5168393980002293    29040000
2400     0.01080422599989106    0.6073676480009453    34560000
2500     0.009788478000700707    0.70899460200053    37500000
3000     0.012165381000158959    1.1815824320001411    54000000
3400     0.015761577000375837    1.581215059999522    69360000
3500     0.01782920000005106    1.7058029859999806    73500000
4000     0.019297174001621897    2.4411134779984422    96000000
4400     0.02224386499983666    3.1519859849995555    116160000
4500     0.026560094998785644    3.3749974580005073    121500000
5000     0.027584741001192015    5.08807357600017    150000000
7500     0.07024672600164195    22.114531294999324    337500000
10000     0.08932497999921907    33.31010850600069    600000000
