1     6.279300032474566e-05    0.0008580180001445115    24
10     7.550999907834921e-05    0.0010996720011462457    2400
100     0.0015221390003716806    0.0005301179990055971    240000
1000     0.012028312999973423    0.1085711240011733    24000000
2000     0.036785267999221105    0.581365050000386    96000000
2100     0.03499488799934625    0.7307895829999325    105840000
2200     0.03845337699931406    0.8070740240000305    116160000
2400     0.0647093509996921    1.1109288150000793    138240000
2500     0.04617550300099538    1.3988256920001731    150000000
3000     0.04573434600024484    3.4816245370002434    216000000
3400     0.0672367770002893    3.278708291998555    277440000
3500     0.06776014499882876    3.524525122000341    294000000
4000     0.06630605300051684    5.57755564099898    384000000
4400     0.13032906199987337    9.773161834000348    464640000
4500     0.08356717800052138    7.44755244299995    486000000
5000     0.08465388999866263    9.435805406001236    600000000
7500     0.11389084099937463    29.93887425399953    1350000000
10000     0.18515521399967838    74.28436607700132    2400000000
1     0.17219156000101066    0.07133692800016433    24
10     0.0004439109998202184    0.00019737399998120964    2400
100     0.001741333000609302    0.0006981120004638797    240000
1000     0.01842008699895814    0.12591255100051058    24000000
2000     0.04523750100088364    0.751276514998608    96000000
2100     0.07079065000107221    0.8527756120001868    105840000
2200     0.04381301200010057    1.0324828440006968    116160000
2400     0.054924816999118775    1.0807302850007545    138240000
2500     0.05324403999838978    1.3203435200011882    150000000
3000     0.04237325299982331    2.251557691000926    216000000
3400     0.06626153999968665    3.2998783180009923    277440000
3500     0.05763366400060477    3.4594637539994437    294000000
4000     0.061694541000179015    4.930147809000118    384000000
4400     0.07044977300029132    6.4317099769996275    464640000
4500     0.0720857630003593    6.96101420299965    486000000
5000     0.08989922699947783    9.511518933000843    600000000
7500     0.11006940100014617    31.85445039700062    1350000000
10000     0.21987334100049338    71.69963177300087    2400000000
1     0.12165856499996153    0.07407559899911575    24
10     0.0005032989993196679    0.0022141600002214545    2400
100     0.0010532650012464728    0.0005285159986669896    240000
1000     0.011599315999774262    0.13741516600020987    24000000
2000     0.04511790000105975    0.6923902210000961    96000000
2100     0.04177409499970963    0.8710940790006134    105840000
2200     0.03979425299985451    0.9230831429995305    116160000
2400     0.05157896399941819    1.1259211320011673    138240000
2500     0.051355124000110663    1.3128364290005266    150000000
3000     0.06788003099973139    2.2237625710004068    216000000
3400     0.0619908270000451    3.1371300040009373    277440000
3500     0.057540670000889804    3.468071372999475    294000000
4000     0.05795751299956464    5.092859432001205    384000000
4400     0.07123114100068051    6.850046260000454    464640000
4500     0.08735093100040103    7.417980977001207    486000000
5000     0.0898702949998551    9.416857582000375    600000000
7500     0.11221383900010551    30.970485114999974    1350000000
10000     0.18561873500038928    74.10477057499884    2400000000
1     0.1508536470009858    0.07360080499893229    24
10     0.00011522099885041825    0.0001801939997676527    2400
100     0.0006081299998186296    0.0043531280007300666    240000
1000     0.013460374000715092    0.12360571499993966    24000000
2000     0.0413991570003418    0.785813701000734    96000000
2100     0.041145115999825066    0.8314901319990895    105840000
2200     0.043842524000865524    0.9315358019994164    116160000
2400     0.052920461999747204    1.4471130230012932    138240000
2500     0.07579638700008218    1.8331074919988168    150000000
3000     0.07563463599944953    3.025971586999731    216000000
3400     0.07115024300037476    4.235887868999271    277440000
3500     0.08550788199863746    4.7302072620004765    294000000
4000     0.0903341459998046    7.318129866998788    384000000
4400     0.09920935300033307    7.0341020910000225    464640000
4500     0.08074460699936026    7.132512088999647    486000000
5000     0.08688180799981637    9.569299828001022    600000000
7500     0.15412441300031787    32.277965545999905    1350000000
10000     0.20473617100105912    73.6047458539997    2400000000
1     0.11314287999994121    0.0690752379996411    24
10     0.00018318799993721768    0.0006089589987823274    2400
100     0.0007609110016346676    0.004314101999625564    240000
1000     0.01337286800116999    0.12963502899947343    24000000
2000     0.04363915999965684    0.7191750310012139    96000000
2100     0.04229770900019503    0.8353526939990843    105840000
2200     0.04176588900008937    0.9362418839991733    116160000
2400     0.05172457300068345    1.110386075999486    138240000
2500     0.05356445300094492    1.4137028729983285    150000000
3000     0.05910053000116022    2.301160807999622    216000000
3400     0.05128830899957393    3.159360203999313    277440000
3500     0.05644627599940577    3.6015964159996656    294000000
4000     0.06144861499888066    5.002191069001128    384000000
4400     0.07877059299971734    7.541186979000486    464640000
4500     0.0891842059991177    7.211646503999873    486000000
5000     0.08169667200127151    10.334814959000141    600000000
7500     0.11475345800135983    30.14131441399877    1350000000
10000     0.2089252639998449    73.15530212799968    2400000000
1     0.15578732199901424    0.08455348400093499    24
10     9.675200089986902e-05    0.0002393749982729787    2400
100     0.002061016000880045    0.006008258000292699    240000
1000     0.014745222000783542    0.12070477799898072    24000000
2000     0.04185834599957161    0.7071728850005456    96000000
2100     0.04260242400050629    0.8069522240002698    105840000
2200     0.042263283001375385    0.9066072480000003    116160000
2400     0.05232093799895665    1.1273021140004857    138240000
2500     0.05029738399935013    1.2583232220003993    150000000
3000     0.055564551999850664    2.1701946769990172    216000000
3400     0.05491299599998456    3.1046274520012958    277440000
3500     0.054644083998937276    3.46799005000139    294000000
4000     0.06144665100146085    4.832420840999475    384000000
4400     0.07890215299994452    7.492702016999829    464640000
4500     0.07480280499839864    6.877308763001565    486000000
5000     0.08884351900087495    9.208335580999119    600000000
7500     0.1287498930014408    31.071263641999394    1350000000
10000     0.19004037299964693    68.99475189500117    2400000000
1     0.14972772199871542    0.07878984200033301    24
10     0.007890779999797815    0.0007017799998720875    2400
100     0.0034498069999244763    0.006844461000582669    240000
1000     0.017872978000013973    0.14977270399867848    24000000
2000     0.04823172900069039    0.9114893419991859    96000000
2100     0.048704378999900655    0.8157979610004986    105840000
2200     0.04149685199990927    0.9084042579997913    116160000
2400     0.053478469999390654    1.063996209000834    138240000
2500     0.054423440000391565    1.304121020999446    150000000
3000     0.05673397399914393    2.2843321510008536    216000000
3400     0.05645397099942784    3.0961252720007906    277440000
3500     0.05726531800064549    3.37919417699959    294000000
4000     0.06566955299967958    4.936769351999828    384000000
4400     0.07519250700170232    6.433721542998683    464640000
4500     0.0812090729996271    6.916797629999564    486000000
5000     0.08850013800110901    10.404035326999292    600000000
7500     0.12271271499957948    29.937473297000906    1350000000
10000     0.17935807699905126    69.94236129600176    2400000000
1     0.13631446399995184    0.06785770900023635    24
10     9.756899999047164e-05    0.0005273989991110284    2400
100     0.0015876400011620717    0.0006171099994389806    240000
1000     0.014614582998547121    0.13088353100101813    24000000
2000     0.043400946000474505    0.6773720080000203    96000000
2100     0.04051544700087106    0.8313300629997684    105840000
2200     0.04521678899982362    0.9457659250001598    116160000
2400     0.05249602500043693    1.120768474000215    138240000
2500     0.057724460999452276    1.3675141790008638    150000000
3000     0.05609040499984985    2.2064878170003794    216000000
3400     0.05589827899893862    3.075312203000067    277440000
3500     0.09662105600000359    5.096992139000577    294000000
4000     0.10705716099982965    7.59430746200087    384000000
4400     0.0974716239998088    8.881402107001122    464640000
4500     0.11170495899932575    7.769206104001569    486000000
5000     0.08986137700048857    9.217043208000177    600000000
7500     0.1263168069999665    29.97098536900012    1350000000
10000     0.1922200700009853    70.43419212399931    2400000000
1     0.11929957900065347    0.06351416799952858    24
10     9.689900070952717e-05    0.0002637939996930072    2400
100     0.0019235849995311582    0.0005997630014462629    240000
1000     0.01768984999944223    0.13107852599932812    24000000
2000     0.04239950600094744    0.6663605519988778    96000000
2100     0.041572870999516454    0.814902448999419    105840000
2200     0.048363708998294896    0.9417141370013269    116160000
2400     0.05229711100037093    1.0897294030000921    138240000
2500     0.05034342100043432    1.2850999660004163    150000000
3000     0.060060105000957265    2.2002141699995263    216000000
3400     0.058840575999056455    3.08179903600103    277440000
3500     0.059686155000235885    3.281620292000298    294000000
4000     0.06677427899921895    5.376242558999365    384000000
4400     0.0743059380001796    6.46306438800093    464640000
4500     0.06891262400131382    6.947020252999209    486000000
5000     0.08898729599968647    9.245345940000334    600000000
7500     0.11902809899947897    31.350448032000713    1350000000
10000     0.19561609300035343    69.11963758000093    2400000000
1     0.11980571599997347    0.0711407880007755    24
10     9.73980004346231e-05    0.00032437400113849435    2400
100     0.0009758619999047369    0.0021109549998072907    240000
1000     0.014749304000361008    0.1286579610004992    24000000
2000     0.04219334400113439    0.6694275129993912    96000000
2100     0.04197503099931055    0.8339998709998326    105840000
2200     0.04235820899884857    1.019836112000121    116160000
2400     0.06303917600052955    1.136337239000568    138240000
2500     0.05015025200009404    1.358784015999845    150000000
3000     0.061719093999272445    2.1535157560010703    216000000
3400     0.05099509799947555    3.1794491199998447    277440000
3500     0.05527301899928716    3.33376323199991    294000000
4000     0.06579910199980077    5.046904147000532    384000000
4400     0.07201847000033013    6.387189064998893    464640000
4500     0.07813811199957854    6.980059625000649    486000000
5000     0.0908833230005257    9.278092450998884    600000000
7500     0.12661676900097518    30.357097234998946    1350000000
10000     0.1826143440011947    70.19814405899888    2400000000
