1 3.809799818554893e-05 3.4459997550584376e-05
10 7.750300574116409e-05 2.8438000299502164e-05
100 0.0021488439961103722 0.00031243199919117615
1000 0.02502167399507016 0.06780604099913035
2000 0.05321208099485375 0.8563518280061544
2100 0.08387918899825308 0.6722958760001347
2200 0.08425993499986362 0.7490404280033545
2400 0.07298181400255999 0.7687000130026718
2500 0.05893341500632232 1.0293317760006175
3000 0.07889263799734181 1.4775043850022485
3400 0.07593931799783604 2.057675273004861
3500 0.08349131100112572 2.2610329410017584
4000 0.09125578699604375 2.863134062004974
4400 0.08225509499607142 3.1074406200059457
4500 0.09131411399721401 3.2677920460046153
5000 0.09886226100206841 4.474046631999954
7500 0.1516153039992787 16.01689149199956
0000 0.2308977210050216 56.181102406997525
1 0.10301709500345169 0.060207612994418014
10 0.000106612998933997 4.188500315649435e-05
100 0.0009497239952906966 0.00032104100682772696
1000 0.025947427995561156 0.07836316100292606
2000 0.07786278900312027 0.7995706680012518
2100 0.09825876200193306 0.8696938709981623
2200 0.0703336560036405 0.8799246689959546
2400 0.06960202699701767 1.3182476080037304
2500 0.06539423399954103 1.330606217001332
3000 0.17078744399623247 2.4652188690015464
3400 0.0932114030001685 2.431392037004116
3500 0.08717749499919591 2.4303433730019606
4000 0.13504039300460136 3.4824295389989857
4400 0.10108426900114864 4.80822050000279
4500 0.1033033970015822 5.583362953999313
5000 0.14464950699766632 6.363369467995653
7500 0.1772526420027134 21.340947690994653
10000 0.25759570799709763 50.659112724002625
1 0.09040686600201298 0.04567244800273329
10 6.911699892953038e-05 3.720200038515031e-05
100 0.0013488550030160695 0.005009745997085702
1000 0.017650337002123706 0.0579714019986568
2000 0.044581317000847775 0.4314399850045447
2100 0.05939335300354287 0.4786307069953182
2200 0.05819168999732938 0.5542644590022974
2400 0.05601130099967122 0.6849524010031018
2500 0.05784154700086219 0.7628194650023943
3000 0.0556438980056555 1.3560612209985266
3400 0.06973843399464386 2.488760362000903
3500 0.08228000900271581 1.768668937998882
4000 0.08085436999681406 2.5091027099988423
4400 0.08668653200584231 3.357064216994331
4500 0.09626988699892536 4.031346629002655
5000 0.15234841799974674 7.29435186599585
7500 0.2044249070022488 22.56611446900206
10000 0.3068056760021136 49.57299879600032
1 0.07699984100327129 0.05378005499369465
10 6.816799577791244e-05 4.0555001760367304e-05
100 0.0010220899930573069 0.0001303790049860254
1000 0.013510652002878487 0.03763436499866657
2000 0.03609593299916014 0.265315869000915
2100 0.040794357999402564 0.3153132560037193
2200 0.044611113000428304 0.35949648699897807
2400 0.048726215994975064 0.44665678400633624
2500 0.04706925600476097 0.5178468949961825
3000 0.048023549003119115 0.9932975959964097
3400 0.080777732997376 1.316776959996787
3500 0.058806424000067636 1.399390623999352
4000 0.06672927700128639 1.9803602589963702
4400 0.07877787500183331 2.772312200999295
4500 0.08113193099416094 2.831658289003826
5000 0.0921826220001094 3.8088077689972124
7500 0.13537254399852827 13.087738615999115
10000 0.1751985099981539 30.613469007003005
1 0.06098466600087704 0.034597195000969805
10 9.36819997150451e-05 4.671200440498069e-05
100 0.0007171559991547838 0.001659761997871101
1000 0.013918224998633377 0.033645178002188914
2000 0.04523198600509204 0.2611496300014551
2100 0.04029267800069647 0.3511613189984928
2200 0.04700902700278675 0.35877946999971755
2400 0.05401782500121044 0.4978976819984382
2500 0.05307563300448237 0.49951121200138004
3000 0.05242968499806011 0.8412728160037659
3400 0.08730261700111441 1.247597499001131
3500 0.05995475599775091 1.3237519760004943
4000 0.06558070499886526 2.0003924119955627
4400 0.07650591499987058 2.6376723389985273
4500 0.07935561100021005 2.8088911489976454
5000 0.10649238600308308 3.806780143000651
7500 0.13931743099965388 13.321371940997778
10000 0.1959311760001583 32.348033349000616
1 0.05787172800046392 0.03511691000312567
10 0.0001057090048561804 4.7929999709594995e-05
100 0.0010534409957472235 0.0003339239992783405
1000 0.015289182003471069 0.033986511996772606
2000 0.03566731199680362 0.2644101190016954
2100 0.04044062799948733 0.3069164160042419
2200 0.04424780499539338 0.3444254860005458
2400 0.049327950000588316 0.43623868499707896
2500 0.05262401799700456 0.5143033010026556
3000 0.05571682499430608 0.8589568509996752
3400 0.05936166800529463 1.3608153609966394
3500 0.0641467739988002 1.3456917759976932
4000 0.07066426699748263 1.9739340690066456
4400 0.0823612750027678 2.6306648760000826
4500 0.08395125199604081 2.831792144002975
5000 0.09442709199356614 3.7921224190067733
7500 0.13991183899634052 12.729469072000938
10000 0.19460380500095198 29.87053676100186
1 0.07108423500176286 0.03560615499736741
10 0.00010282699804520234 4.6993998694233596e-05
100 0.000970444998529274 0.00024204999499488622
1000 0.019081382000877056 0.03712293799617328
2000 0.03567977099737618 0.2781050400008098
2100 0.04573938399698818 0.30915931000345154
2200 0.04520303000026615 0.3521729350031819
2400 0.0493985610009986 0.4435495349971461
2500 0.05463129900454078 0.5149019609962124
3000 0.05797588499990525 0.8409500430061598
3400 0.06040116000076523 1.2373178409980028
3500 0.06262532999971882 1.3548324930015951
4000 0.06927018599526491 2.150793357999646
4400 0.07934293000289472 2.679136615995958
4500 0.08246798199979821 2.779319269997359
5000 0.09447058299701894 3.808792531999643
7500 0.13044905900460435 12.782961088996672
10000 0.18080877099419013 29.640805805000127
1 0.06807608300005086 0.03310199599945918
10 6.38310011709109e-05 3.862000448862091e-05
100 0.0003823829974862747 9.524400229565799e-05
1000 0.014167241999530233 0.04448580800089985
2000 0.037901406998571474 0.2658121240019682
2100 0.03996295300021302 0.3083790759992553
2200 0.045246023997606244 0.35281213899725117
2400 0.05052224900282454 0.45226952400116716
2500 0.0654403509979602 0.5054208670044318
3000 0.05703297300351551 0.8364118699973915
3400 0.0572630129972822 1.233416909002699
3500 0.06559338700026274 1.3473418549983762
4000 0.07103441000072053 1.9693353440015926
4400 0.0805212470004335 2.8501500909987953
4500 0.08416328300518217 2.795384261000436
5000 0.09661302500171587 3.7893531270019594
7500 0.14652553699852433 12.675364758004434
10000 0.18368722000013804 30.365282386999752
1 0.0634232480006176 0.03441072900022846
10 6.50590009172447e-05 4.111199814360589e-05
100 0.00037541200435953215 9.309399320045486e-05
1000 0.01371085199934896 0.04677364300005138
2000 0.034568814997328445 0.2670328509993851
2100 0.041673840998555534 0.3125057450015447
2200 0.046710184004041366 0.34775746899686055
2400 0.05011973699583905 0.47518175000004703
2500 0.05280698000569828 0.49410402099601924
3000 0.056300634001672734 0.8312569030022132
3400 0.059301813002093695 1.2419252959953155
3500 0.060395360000256915 1.3253927859987016
4000 0.07062098000460537 1.9764034239997272
4400 0.07842508199973963 2.6622860220013536
4500 0.09264593899570173 2.8027782420031144
5000 0.09155477800231893 3.779361134998908
7500 0.14274120899790432 13.187699494999833
10000 0.18979062699509086 33.528585694002686
1 0.06456267800240312 0.03932994899514597
10 0.00010210099571850151 4.864200309384614e-05
100 0.0016074459999799728 0.0004740090007544495
1000 0.017213769002410118 0.04987255099695176
2000 0.0467675469990354 0.4180939970028703
2100 0.04928119599935599 0.5303962909965776
2200 0.05987837800057605 0.5673905000003288
2400 0.06259214600140695 0.6834810259970254
2500 0.06912525400548475 0.8271334689998184
3000 0.0745327949989587 1.3223305209976388
3400 0.07107629900565371 1.7506537309964187
3500 0.07896338100545108 1.9988998689950677
4000 0.093620239997108 2.901697704997787
4400 0.09572289499919862 3.9542081630061148
4500 0.09030581499973778 3.7110235009968164
5000 0.09307947699562646 3.722311493002053
7500 0.13906687300186604 12.868862495997746
10000 0.18801632900431287 30.45666990999598
