1 0.007826558001397643 0.00025125899992417544
100 0.0060698220040649176 0.0002556369945523329
1000 0.00691039099910995 0.0008225659985328093
2000 0.00725414500629995 0.00040727699524722993
3500 0.005170771000848617 0.0007589699962409213
4000 0.00717912899563089 0.000578003004193306
4500 0.0053920469945296645 0.0008318470063386485
5000 0.009257445999537595 0.0007803970001987182
10000 0.011427853001805488 0.0014461649989243597
20000 0.023392293995129876 0.0015661550060031004
50000 0.04378815299423877 0.007792106000124477
100000 0.03979433999484172 0.013482207999913953
200000 0.0911692759982543 0.026691811995988246
500000 0.24341875100071775 0.08013305199710885
1000000 0.5485459550036467 0.15382703200157266
5000000 2.629518369001744 0.7339194800006226
10000000 5.559911477001151 1.5136399210023228
20000000 18.18032766199758 4.672672492000856
1 0.13199465000070632 0.1145449199975701
100 0.004506511002546176 0.00034801699803210795
1000 0.00851601800241042 0.000331887997162994
2000 0.004533539999101777 0.00039880799886304885
3500 0.006692879003821872 0.000563338995561935
4000 0.005037973998696543 0.0005036229995312169
4500 0.011872344002767932 0.0005902039993088692
5000 0.006725288003508467 0.0007827399967936799
10000 0.020521325001027435 0.0012688759961747564
20000 0.04338931899837917 0.0031382719971588813
50000 0.06310945199948037 0.008169734996045008
100000 0.0472509879982681 0.016577784001128748
200000 0.08562158200220438 0.030797735002124682
500000 0.2390946029991028 0.07169109700043919
1000000 0.48770253700058674 0.15295122699899366
5000000 2.501619837996259 0.720784162003838
10000000 5.229242120003619 1.4548170150010264
20000000 16.176654622999195 7.094429778000631
1 0.19642168300197227 0.15610654600459384
100 0.05427539799711667 0.0005302600038703531
1000 0.019008404997293837 0.0008447139989584684
2000 0.02748743800475495 0.0007355509951594286
3500 0.018269815998792183 0.0005154600003152154
4000 0.012958370003616437 0.0010041389978141524
4500 0.010135454998817295 0.002299796004081145
5000 0.015741839997645002 0.0012602849965333007
10000 0.017651348003710154 0.0017009529983624816
20000 0.06736810399888782 0.012430831004166976
50000 0.09825465200265171 0.009574422998412047
100000 0.05848625299404375 0.01854000399907818
200000 0.12450259700563038 0.06468458299787017
500000 0.5032145449949894 0.13252725500205997
1000000 0.9392966300001717 0.19323507200169843
5000000 4.748126515005424 1.116931573000329
10000000 7.390728683996713 1.4716505240066908
20000000 13.323799074998533 4.086057457003335
1 0.16294585499417735 0.14274024400219787
100 0.009254030999727547 0.0004068530033691786
1000 0.006371916002535727 0.00031586999830324203
2000 0.006650228999205865 0.000602986998273991
3500 0.007240195001941174 0.0007779500010656193
4000 0.007560505000583362 0.0009349329993710853
4500 0.007502897999074776 0.0009498889994574711
5000 0.007694075000472367 0.000981093995505944
10000 0.016322317998856306 0.0020012250024592504
20000 0.13166408899996895 0.01799444400239736
50000 0.1036180000010063 0.007671617997402791
100000 0.041384582000318915 0.015177455003140494
200000 0.08682235600281274 0.029068716998153832
500000 0.24493002699455246 0.07509860900609056
1000000 0.558292136003729 0.15953202200034866
5000000 2.6937265199958347 0.7290870540018659
10000000 5.030831892006972 1.422795912993024
20000000 12.943978135001089 4.149522374995286
1 0.12571180800296133 0.10789499399834312
100 0.004667848996177781 0.0010690890048863366
1000 0.0043651230007526465 0.0003250879963161424
2000 0.0044633869983954355 0.0003994330036221072
3500 0.008361364001757465 0.0006469290019595064
4000 0.005218421996687539 0.0005176590057089925
4500 0.0076442310019047 0.0008801029980531894
5000 0.0062307680054800585 0.0006102269981056452
10000 0.008898798005247954 0.0014397159975487739
20000 0.06944876600027783 0.023867720003181603
50000 0.08308257300086552 0.00774935200024629
100000 0.04132863199629355 0.01322721000178717
200000 0.0867906130006304 0.02983151800435735
500000 0.23010909900040133 0.064833295000426
1000000 0.4654653639954631 0.13796117900346871
5000000 2.445204100004048 0.6895661769958679
10000000 4.994784025002446 1.4230633650004165
20000000 13.1970891220044 3.7834378629995626
1 0.13434843000140972 0.10323689600045327
100 0.004502310999669135 0.0005261219994281419
1000 0.003927519006538205 0.00030149699887260795
2000 0.005012325003917795 0.00041287500062026083
3500 0.004632270000001881 0.0005049399987910874
4000 0.007626734994119033 0.0006629929994232953
4500 0.007678883004700765 0.00058369599719299
5000 0.005506426998181269 0.0006684440013486892
10000 0.009192819001327734 0.0012542689946712926
20000 0.05278664600336924 0.017461686999013182
50000 0.08713734900084091 0.007009189001109917
100000 0.04376908700214699 0.015265125002770219
200000 0.08368263200100046 0.02752672000497114
500000 0.23182792000443442 0.07503676699707285
1000000 0.46664003200567095 0.13741303099959623
5000000 2.6324808889985434 0.6908157630023197
10000000 5.01420389499981 1.4596747030009283
20000000 13.255480946994794 4.234599587005505
1 0.1508005290015717 0.10662529800174525
100 0.004267295000317972 0.00042552000377327204
1000 0.004839150999032427 0.00031809500069357455
2000 0.004408309003338218 0.00037778900150442496
3500 0.005690617996151559 0.0004711880028480664
4000 0.0064182689966401085 0.0008829430007608607
4500 0.005442629997560289 0.0005904580029891804
5000 0.005267905995424371 0.0005557450058404356
10000 0.007965960001456551 0.0017805210009100847
20000 0.07357829700049479 0.01707418499427149
50000 0.08747587899415521 0.009505923000688199
100000 0.04244283799926052 0.013646569001139142
200000 0.09149231600167695 0.03001475500059314
500000 0.238374886001111 0.06807095499971183
1000000 0.4746895170028438 0.14594773699354846
5000000 2.3932389350011363 0.7292987870023353
10000000 5.057421178004006 1.594992282000021
20000000 14.707078447994718 4.2047526280002785
1 0.1450920550050796 0.11203067099995678
100 0.0049164129959535785 0.00043539200123632327
1000 0.004219736001687124 0.00031986599788069725
2000 0.007033173002128024 0.00044906800030730665
3500 0.005101728995214216 0.00046438600111287087
4000 0.00464635399839608 0.0005606459963019006
4500 0.008066741000220645 0.0006985639993217774
5000 0.004966179003531579 0.0006500439994852059
10000 0.011648839004919864 0.001192744995933026
20000 0.06362024400004884 0.020097131993679795
50000 0.0931205399974715 0.007976544002303854
100000 0.04133727400039788 0.014909484001691453
200000 0.09210321800492238 0.027228305996686686
500000 0.24045768399810186 0.07472796400543302
1000000 0.47600918100215495 0.13977681399410358
5000000 2.4705069760020706 0.6931429249962093
10000000 5.2176237249950645 1.5310035270013032
20000000 13.853341475994966 3.6369607300002826
1 0.13413930300157517 0.10250716700102203
100 0.004253121995134279 0.0007077550035319291
1000 0.005407534998084884 0.0003228610003134236
2000 0.004660407001210842 0.00037661800161004066
3500 0.004392066002765205 0.0004621699990821071
4000 0.005557301999942865 0.0005126929972902872
4500 0.007659037000848912 0.0006308909942163154
5000 0.0051897830053349026 0.0006750829998054542
10000 0.0071057159948395565 0.0011863870022352785
20000 0.05706510300660739 0.02263930899789557
50000 0.09190248599770712 0.00800864800112322
100000 0.04210101900389418 0.013570748997153714
200000 0.08678690999659011 0.03041491400654195
500000 0.235121916004573 0.06854638199729379
1000000 0.4751582339958986 0.1499075670071761
5000000 2.5232049980040756 0.7360152369947173
10000000 5.148284678994969 1.4317959830004838
20000000 13.040155773000151 3.3884141050002654
1 0.12973976800276432 0.11037489499722142
100 0.005385015996580478 0.0010476000024937093
1000 0.004442901001311839 0.00032912899769144133
2000 0.004937598001561128 0.0004083969979546964
3500 0.004722992001916282 0.00046240400115493685
4000 0.008175609997124411 0.0006192919972818345
4500 0.005132583006343339 0.0005817389974254183
5000 0.004813542000192683 0.0005932429994572885
10000 0.008395901997573674 0.0014147780020721257
20000 0.0646161740005482 0.01831901200057473
50000 0.08205929399991874 0.0068294989978312515
100000 0.04134980100207031 0.014055232000828255
200000 0.08064025399653474 0.02614128900313517
500000 0.22659217200271087 0.0717008209976484
1000000 0.471553112998663 0.13964990399836097
5000000 2.3961216869938653 0.7092353030020604
10000000 5.034117126000638 1.4140417070011608
20000000 13.558351382002002 3.7551739839982474
