1     0.002751100000750739    0.0012876839973614551
10     0.004286095005227253    0.00694926199503243
100     0.004093073002877645    0.05154168899753131
1000     0.004614235003828071    0.5841126899977098
2000     0.0022573360038222745    1.3076423989987234
2100     0.003538459997798782    1.2244989420069032
2200     0.00407225800154265    1.6038909950002562
2400     0.006167915002151858    1.6804774740012363
2500     0.003965994001191575    1.556064302996674
3000     0.0033286109974142164    2.2643437400038238
3400     0.0025228430022252724    3.074289112999395
3500     0.0024915250032790937    2.989559661997191
4000     0.0033875439985422418    3.4752657060016645
4400     0.004170674001215957    4.02557905499998
4500     0.006931485993845854    4.450474964003661
5000     0.003920333001588006    5.758396746001381
7500     0.003616303001763299    17.593076541998016
10000     0.007193573997938074    34.81150301400339
1     0.003645748998678755    0.1697417379982653
10     0.0031836409980314784    0.004751303997181822
100     0.002766659003100358    0.03266651200101478
1000     0.0022885380021762103    0.5169106549947173
2000     0.005086172001028899    1.3756838949993835
2100     0.0033746589979273267    1.464770138001768
2200     0.0052266290003899485    1.450473671000509
2400     0.003371929000422824    1.3859492560004583
2500     0.0036263250003685243    1.858439281997562
3000     0.004332627002440859    3.7148217469948577
3400     0.003497103003610391    2.6154365990005317
3500     0.00770046999969054    3.933640543000365
4000     0.0064685170000302605    3.8630637969981763
4400     0.0035510509987943806    4.027549238002393
4500     0.005672156003129203    4.546319553999638
5000     0.004118144999665674    5.907199859000684
7500     0.005593759000475984    10.343389688998286
10000     0.007010266002907883    34.57049347599968
1     0.004479476003325544    0.15293044899590313
10     0.00598472599813249    0.009012312002596445
100     0.004341181003837846    0.03778558799967868
1000     0.0043397570043453015    0.5318392549961573
2000     0.0025880449975375086    1.3602957910043187
2100     0.003697485000884626    1.1705009769939352
2200     0.0032267880014842376    1.2161496010012343
2400     0.0020765689987456426    1.3430600939973374
2500     0.0034435369962011464    1.4406657409999752
3000     0.005498027996509336    1.9712252609970164
3400     0.003289205997134559    2.358788880999782
3500     0.005827994995343033    2.739063277003879
4000     0.0037373589948401786    5.041867294006806
4400     0.005495074998179916    4.536690451997856
4500     0.0035575770016293973    3.9293243219944998
5000     0.004637369995180052    6.0853500709999935
7500     0.004296977000194602    9.803825017996132
10000     0.0032073170004878193    31.84724906899646
1     0.007707347001996823    0.17773822900198866
10     0.006383284999174066    0.029594637999252882
100     0.00919191100547323    0.119598101999145
1000     0.005383162999351043    1.0633098319958663
2000     0.006147177002276294    1.5448336690024007
2100     0.004795398999704048    1.3085010729992064
2200     0.003939303001970984    1.3713036219996866
2400     0.0040553619983256795    1.3754953630050295
2500     0.0033305530014331453    1.4176603989981231
3000     0.003431842000281904    1.9874061289956444
3400     0.0037463659973582253    2.3719204520020867
3500     0.0038587210001423955    2.4513423009993858
4000     0.004786805002368055    3.6182236059976276
4400     0.0025722520003910176    4.960879661004583
4500     0.006171891996928025    4.771921562998614
5000     0.0033149840019177645    8.205714806994365
7500     0.004743844998301938    15.506085224005801
10000     0.004104633000679314    34.28657456200017
1     0.0019604890039772727    0.11812164000002667
10     0.0025535099994158372    0.005161296998267062
100     0.0038173229986568913    0.04165572300553322
1000     0.004069244001584593    0.5240263199957553
2000     0.005110401994897984    1.4236163009991287
2100     0.0038401999991037883    1.3539637880021473
2200     0.0044312390018603764    1.5142073850001907
2400     0.0044545799974002875    1.8680663460036158
2500     0.0076904640009161085    1.678076977004821
3000     0.004360744998848531    2.512427037996531
3400     0.005756726000981871    3.5620482140002423
3500     0.0040162809964385815    2.402362754997739
4000     0.004150609005591832    3.0133283639952424
4400     0.003355389999342151    3.653281047998462
4500     0.0042497730028117076    4.690406554000219
5000     0.003923931006283965    4.323146012997313
7500     0.005047826998634264    10.868698799000413
10000     0.005249932000879198    33.08496952599671
1     0.0042153979957220145    0.13918841799750226
10     0.004124317005334888    0.006650992996583227
100     0.0031486669977311976    0.0373688649997348
1000     0.00460772099904716    0.5033041010028683
2000     0.0036789720033993945    1.1984312709973892
2100     0.0023633119999431074    1.0702402620008797
2200     0.0033292119987891056    1.1970555199950468
2400     0.004262916001607664    1.3504355599943665
2500     0.00407754500338342    1.5438841759969364
3000     0.004220299997541588    2.111863557001925
3400     0.0023560940026072785    2.5203748639978585
3500     0.005697863998648245    3.3392933229988557
4000     0.0049279289960395545    3.4795874760020524
4400     0.003907833000994287    3.672553677999531
4500     0.004183908997219987    3.9074743960009073
5000     0.003914218003046699    5.945732918997237
7500     0.003911933999916073    11.2365318450029
10000     0.005752057004428934    33.67049105699698
1     0.002327406000404153    0.17980565700418083
10     0.009086972000659443    0.02404740399651928
100     0.00897353699838277    0.06229119300405728
1000     0.003548444998159539    0.5948629750055261
2000     0.0038600150001002476    1.5897976089981967
2100     0.003365675001987256    1.2824196759975166
2200     0.0026136960004805587    1.3799498000007588
2400     0.0037292350025381893    1.4131568149969098
2500     0.003210565999324899    1.617961493000621
3000     0.0024705039977561682    2.1725002140010474
3400     0.004279789995052852    2.6097061930049676
3500     0.005449265998322517    2.8772924940058147
4000     0.00477423000120325    4.007946506993903
4400     0.004243116003635805    5.738428159995237
4500     0.004268607000994962    4.929046035002102
5000     0.002701793004234787    8.924877792996995
7500     0.006226361001608893    15.902908584001125
10000     0.004416374998982064    37.15486734799924
1     0.0025236740038963035    0.12831778600229882
10     0.003520690996083431    0.004449488005775493
100     0.0026571509952191263    0.034375540002656635
1000     0.0028059210017090663    0.783761662998586
2000     0.0038360779944923706    1.4363125070012757
2100     0.004734474001452327    1.7389316179978778
2200     0.005047375998401549    1.8343088740002713
2400     0.0039238209938048385    1.7003150720047415
2500     0.0022674380015814677    3.1565870260019437
3000     0.006840266003564466    3.2928590349984006
3400     0.002521565998904407    3.2778520779975224
3500     0.004418102995259687    3.27662347000296
4000     0.0036472440042416565    3.6452415359963197
4400     0.005638670998450834    4.427666388000944
4500     0.003677539003547281    9.403983664997213
5000     0.004661384999053553    7.808632521999243
7500     0.003958173001592513    14.294178053998621
10000     0.009203717003401835    38.97063369099487
1     0.0044722359962179326    0.12319927700445987
10     0.005029437998018693    0.007140264999179635
100     0.003352833999088034    0.0330694099975517
1000     0.0038692119996994734    0.4951456999988295
2000     0.002326705005543772    1.1407510429999093
2100     0.0032185359959839843    1.3643194410033175
2200     0.006794187997002155    1.5912051720006275
2400     0.005374715001380537    1.6656455989941605
2500     0.0024155459977919236    1.6768171029980294
3000     0.006585723000171129    2.44529127900023
3400     0.0038150510008563288    2.419790114996431
3500     0.005133768994710408    3.1078592400008347
4000     0.00929250299668638    6.472335459999158
4400     0.003456354002992157    6.545386013996904
4500     0.004723785998066887    7.093424718004826
5000     0.007105714998033363    9.48366910799814
7500     0.005998497006657999    30.026917233997665
10000     0.005807378001918551    44.11549768200348
1     0.006771027998183854    0.1376166780028143
10     0.003742221000720747    0.005582072997640353
100     0.0028808419956476428    0.035331971004779916
1000     0.004055258999869693    0.48707181000645505
2000     0.004276378000213299    1.4986787410016404
2100     0.003213620999304112    1.6722260290043778
2200     0.006540096997923683    2.4190322470021783
2400     0.003912006002792623    1.9572016699967207
2500     0.0033618880042922683    1.5697152319989982
3000     0.00393965400144225    2.3494620470009977
3400     0.0038171490014065057    2.8922572049996234
3500     0.003104490002442617    4.892277311999351
4000     0.0047903119993861765    4.625873044999025
4400     0.0026484310001251288    5.560668455000268
4500     0.003044470999157056    6.5541830329966615
5000     0.009791684999072459    11.413611352996668
7500     0.0034188470017397776    20.098409995996917
10000     0.0054257439987850375    49.56589530400379
