1     2.5508001272100955e-05    0.00044967799840378575
10     7.243300024128985e-05    0.0003459370000200579
100     0.0021351939994929126    0.018230278999908478
1000     0.016860964000443346    0.43264791299952776
2000     0.044601404000786715    2.333515925998654
2100     0.027263676000075066    1.9902178809988982
2200     0.033034523999958765    2.2309077059999254
2400     0.04443406599966693    2.8954263439991337
2500     0.04552996100028395    14.877116304000083
3000     0.4877253149988974    7.115419473000657
3400     0.0638222150009824    8.721437061998586
